Allele	Caucasian Black Asian
A*01:01	0.15457766175648	0.0432298136645963	0.020942970679841
A*01:02	0.000745851202685064	0.00273291925465838	0.000429599398560842
A*01:03	0	0.000248447204968944	0.000429599398560842
A*01:04N	0	0	0
A*01:06	0.000186462800671266	0	0.000536999248201053
A*01:07	0	0	0
A*01:08	0	0	0
A*01:09	0.000559388402013798	0	0
A*01:10	0	0	0
A*01:11N	0.000559388402013798	0	0
A*01:12	0	0	0
A*01:13	0	0	0
A*01:136	0	0	0
A*01:14	0	0	0
A*01:15N	0	0	0
A*01:16N	0.000559388402013798	0	0
A*01:17	0	0	0
A*01:18N	0.000559388402013798	0	0
A*01:19	0	0	0
A*01:20	0	0	0
A*01:21	0	0	0
A*01:22N	0	0	0
A*01:23	0	0.000745341614906832	0
A*01:24	0	0	0
A*01:25	0.000559388402013798	0	0
A*01:26	0	0	0
A*01:27N	0	0	0
A*01:28	0	0	0
A*01:29	0	0	0
A*01:30	0	0	0
A*01:31N	0	0	0
A*01:32	0	0	0
A*01:33	0	0	0
A*01:38	0	0	0
A*01:40	0	0	0
A*01:43	0	0	0
A*01:44	0	0	0
A*01:66	0	0	0
A*02:01	0.206041394741749	0.193291925465839	0.101170658361078
A*02:02	0.00242401640872646	0.0213664596273292	0.00118139834604232
A*02:03	0.000372925601342532	0.000248447204968944	0.0463967350445709
A*02:04	0.000186462800671266	0.000993788819875776	0.000429599398560842
A*02:05	0.0124930076449748	0.0218633540372671	0.00139619804532274
A*02:06	0.00484803281745292	0.0201242236024845	0.0432821394050048
A*02:07	0.00093231400335633	0	0.0778648909891526
A*02:08	0	0	0.000107399849640211
A*02:09	0.000186462800671266	0	0.000536999248201053
A*02:10	0.000186462800671266	0.000496894409937888	0.00150359789496295
A*02:101	0	0	0
A*02:102	0	0	0
A*02:103	0	0	0
A*02:104	0	0	0
A*02:105	0	0	0
A*02:106	0	0	0
A*02:107	0	0	0
A*02:108	0	0	0
A*02:109	0	0	0
A*02:11	0.000372925601342532	0.00596273291925466	0.006121791429492
A*02:110	0	0	0
A*02:111	0	0	0
A*02:112	0	0	0
A*02:113N	0	0	0
A*02:114	0	0	0
A*02:115	0	0	0
A*02:116	0	0	0
A*02:117	0	0	0
A*02:118	0	0	0
A*02:119	0	0	0
A*02:12	0	0.0275776397515528	0.000429599398560842
A*02:120	0	0	0
A*02:121	0	0	0
A*02:122	0	0	0
A*02:123	0	0	0
A*02:124	0	0	0
A*02:125N	0	0	0
A*02:126	0	0	0
A*02:127	0	0	0
A*02:128	0	0	0
A*02:129	0	0	0
A*02:13	0.000186462800671266	0.000993788819875776	0.000107399849640211
A*02:130	0	0	0
A*02:131	0	0	0.000214799699280421
A*02:132	0	0	0
A*02:133	0	0	0
A*02:134	0	0	0
A*02:135	0	0	0
A*02:136	0	0	0
A*02:137	0	0	0
A*02:138	0	0	0
A*02:139	0	0	0
A*02:14	0	0.000248447204968944	0
A*02:140	0	0	0
A*02:141	0	0	0
A*02:142	0	0	0
A*02:143	0	0	0
A*02:144	0	0	0
A*02:145	0	0	0
A*02:146	0	0	0
A*02:147	0	0	0
A*02:148	0	0	0
A*02:149	0	0	0
A*02:150	0	0	0
A*02:151	0	0	0
A*02:152	0	0	0
A*02:153	0	0	0
A*02:154	0	0	0
A*02:155	0	0	0
A*02:156	0	0	0
A*02:157	0	0	0
A*02:158	0	0	0
A*02:15N	0	0	0.000107399849640211
A*02:16	0	0	0.000429599398560842
A*02:160	0	0	0
A*02:161	0	0	0
A*02:162	0	0	0
A*02:163	0	0	0
A*02:164	0	0	0
A*02:165	0	0	0
A*02:166	0	0	0
A*02:167	0	0	0
A*02:168	0	0	0
A*02:169	0	0	0
A*02:17	0.00205109080738393	0.000496894409937888	0.000107399849640211
A*02:171	0	0	0
A*02:177	0	0	0
A*02:18	0	0	0
A*02:183	0	0	0
A*02:186	0	0	0
A*02:188	0	0	0
A*02:189	0	0	0
A*02:19	0	0.000248447204968944	0.000214799699280421
A*02:191	0	0	0
A*02:193	0	0	0
A*02:194	0	0	0
A*02:195	0	0	0
A*02:197	0	0	0
A*02:20	0.000372925601342532	0.000248447204968944	0.000214799699280421
A*02:200	0	0	0
A*02:209	0	0	0
A*02:21	0	0	0.000107399849640211
A*02:210	0	0	0
A*02:211	0	0	0
A*02:212	0	0	0
A*02:213	0	0	0
A*02:22	0.000372925601342532	0.00298136645962733	0.000966598646761895
A*02:221	0	0	0
A*02:223N	0	0	0
A*02:224	0	0	0
A*02:226N	0	0	0
A*02:227N	0	0	0
A*02:230	0	0	0
A*02:24	0.000186462800671266	0.000993788819875776	0.000429599398560842
A*02:240	0	0	0
A*02:245	0	0	0
A*02:246	0	0	0
A*02:25	0.000186462800671266	0	0
A*02:251	0	0	0
A*02:254	0	0	0
A*02:255	0	0	0
A*02:26	0	0	0.000107399849640211
A*02:263	0	0	0
A*02:267	0	0	0
A*02:268	0	0	0
A*02:27	0	0	0.000214799699280421
A*02:270	0	0	0
A*02:271	0	0	0
A*02:279	0	0	0
A*02:28	0	0	0.000107399849640211
A*02:280	0	0	0
A*02:282	0	0	0
A*02:289	0	0	0
A*02:29	0	0	0
A*02:30	0	0	0.000107399849640211
A*02:300	0	0	0
A*02:301N	0	0	0
A*02:302	0	0	0
A*02:303	0	0	0
A*02:304	0	0	0
A*02:31	0	0	0
A*02:311	0	0	0
A*02:321N	0	0	0
A*02:32N	0	0	0
A*02:33	0	0	0
A*02:34	0	0	0.000107399849640211
A*02:35	0	0	0
A*02:36	0.000186462800671266	0	0.000322199548920632
A*02:37	0	0	0.000322199548920632
A*02:38	0	0	0.000214799699280421
A*02:39	0	0	0
A*02:40	0.000372925601342532	0	0
A*02:406	0	0	0
A*02:41	0	0	0
A*02:42	0	0	0.000107399849640211
A*02:43N	0	0	0
A*02:44	0.000186462800671266	0	0.000214799699280421
A*02:45	0	0	0.000214799699280421
A*02:46	0	0	0.000107399849640211
A*02:47	0	0	0
A*02:48	0	0	0
A*02:49	0	0	0.000107399849640211
A*02:50	0	0	0
A*02:51	0	0	0.000107399849640211
A*02:52	0	0	0
A*02:53N	0	0	0
A*02:54	0	0	0.000107399849640211
A*02:548	0	0	0
A*02:55	0.000186462800671266	0	0.000107399849640211
A*02:56	0	0	0
A*02:57	0	0	0
A*02:58	0	0.000248447204968944	0.000107399849640211
A*02:59	0	0	0
A*02:60	0	0.000248447204968944	0
A*02:61	0	0	0
A*02:62	0	0	0
A*02:63	0	0	0
A*02:64	0	0	0
A*02:65	0	0	0
A*02:66	0	0	0
A*02:669	0	0	0
A*02:67	0	0	0
A*02:68	0	0	0.000107399849640211
A*02:680	0	0	0
A*02:69	0	0	0
A*02:70	0	0	0
A*02:71	0	0	0
A*02:72	0	0	0
A*02:73	0	0	0
A*02:74	0	0	0
A*02:75	0	0	0
A*02:76	0	0	0
A*02:77	0	0	0
A*02:78	0	0	0
A*02:79	0	0	0
A*02:80	0	0	0
A*02:81	0	0	0
A*02:82N	0	0	0
A*02:83N	0	0	0
A*02:84	0	0	0
A*02:85	0	0	0
A*02:86	0	0	0
A*02:87	0	0	0
A*02:88N	0	0	0
A*02:89	0	0	0
A*02:90	0	0	0
A*02:91	0	0	0
A*02:92	0	0	0
A*02:93	0	0	0
A*02:94N	0	0	0
A*02:95	0	0	0
A*02:96	0	0	0
A*02:97	0	0	0
A*02:99	0	0	0
A*03:01	0.098825284355771	0.0539130434782609	0.0149285790999893
A*03:02	0.00447510721611039	0.00149068322981366	0.00150359789496295
A*03:03N	0	0	0
A*03:04	0	0	0
A*03:05	0.000559388402013798	0	0.000107399849640211
A*03:06	0	0	0
A*03:07	0	0	0.000107399849640211
A*03:08	0	0	0.000429599398560842
A*03:09	0	0	0
A*03:10	0	0	0.000107399849640211
A*03:100	0	0	0
A*03:103	0	0	0
A*03:105	0	0	0
A*03:106	0	0	0
A*03:107	0	0	0
A*03:108	0	0	0
A*03:114	0	0	0
A*03:11N	0	0	0
A*03:12	0	0	0
A*03:120	0	0	0
A*03:123	0	0	0
A*03:128	0	0	0
A*03:13	0	0	0
A*03:14	0	0	0
A*03:140	0	0	0
A*03:15	0	0	0
A*03:16	0	0	0
A*03:17	0	0	0
A*03:18	0	0	0
A*03:19	0	0	0
A*03:20	0	0	0
A*03:21N	0	0	0
A*03:22	0	0	0
A*03:224	0	0	0
A*03:23	0	0	0
A*03:24	0	0	0
A*03:25	0	0	0
A*03:26	0	0	0
A*03:27	0	0	0
A*03:279N	0	0	0
A*03:28	0	0	0
A*03:29	0	0	0
A*03:30	0	0	0
A*03:31	0	0	0
A*03:32	0	0	0
A*03:33	0	0	0
A*03:34	0	0	0
A*03:35	0	0	0
A*03:36N	0	0	0
A*03:37	0	0	0
A*03:38	0	0	0
A*03:39	0	0	0
A*03:40	0	0	0
A*03:41	0	0	0
A*03:42	0	0	0
A*03:43	0	0	0
A*03:44	0	0	0
A*03:45	0	0	0
A*03:46	0	0	0
A*03:47	0	0	0
A*03:48	0	0	0
A*03:49	0	0	0
A*03:50	0	0	0
A*03:51	0	0	0
A*03:59	0	0	0
A*03:64	0	0	0
A*03:65	0	0	0
A*03:66	0	0	0
A*03:69N	0	0	0
A*03:73	0	0	0
A*03:74	0	0	0
A*03:77	0	0	0
A*03:79	0	0	0
A*03:81	0	0	0
A*03:88	0	0	0
A*03:89	0	0	0
A*03:97	0	0	0
A*03:98	0	0	0
A*11:01	0.0475480141711729	0.0236024844720497	0.230587477177532
A*11:02	0.000372925601342532	0	0.0210503705294813
A*11:03	0	0	0.00139619804532274
A*11:04	0	0	0.000859198797121684
A*11:05	0	0	0
A*11:06	0.000186462800671266	0	0.000644399097841263
A*11:07	0	0	0
A*11:08	0	0	0
A*11:09	0.000186462800671266	0	0.000107399849640211
A*11:10	0	0	0.000751798947481474
A*11:11	0	0	0
A*11:12	0.000372925601342532	0.000248447204968944	0.002040597143164
A*11:122	0	0	0
A*11:13	0	0	0.000107399849640211
A*11:14	0	0	0
A*11:140	0	0	0
A*11:15	0	0	0.000107399849640211
A*11:16	0	0	0
A*11:17	0	0	0
A*11:170Q	0	0	0
A*11:18	0	0	0.000107399849640211
A*11:19	0	0	0.000107399849640211
A*11:20	0	0	0.000107399849640211
A*11:21N	0	0	0
A*11:22	0	0	0
A*11:23	0	0	0.000107399849640211
A*11:24	0	0	0
A*11:25	0	0	0
A*11:26	0	0	0
A*11:27	0	0	0
A*11:29	0	0	0
A*11:30	0	0	0
A*11:31	0	0	0
A*11:32	0	0	0
A*11:33	0	0	0
A*11:34	0	0	0
A*11:35	0	0	0
A*11:36	0	0	0
A*11:37	0	0	0
A*11:38	0	0	0
A*11:39	0	0	0
A*11:40	0	0	0
A*11:43	0	0	0
A*11:44	0	0	0
A*11:47	0	0	0
A*11:49	0	0	0
A*11:54	0	0	0
A*11:57	0	0	0
A*11:58	0	0	0
A*11:59	0	0	0
A*11:61	0	0	0
A*11:65	0	0	0
A*11:70	0	0	0
A*11:96	0	0	0
A*23:01	0.0361737833302256	0.0675776397515528	0.00289979594028568
A*23:02	0.000372925601342532	0	0.000107399849640211
A*23:03	0.000372925601342532	0	0
A*23:04	0	0	0
A*23:05	0.000372925601342532	0.000248447204968944	0
A*23:06	0.000372925601342532	0	0
A*23:07N	0	0	0
A*23:08N	0	0	0
A*23:09	0	0	0.000107399849640211
A*23:10	0	0	0
A*23:11N	0.000372925601342532	0	0
A*23:12	0	0	0
A*23:13	0	0	0
A*23:14	0	0	0
A*23:15	0	0	0
A*23:16	0.000372925601342532	0	0
A*23:17	0	0.00124223602484472	0
A*23:18	0	0	0
A*23:19Q	0	0	0
A*23:20	0	0	0
A*23:24	0	0	0
A*23:28	0	0	0
A*23:29	0	0	0
A*23:30	0	0	0
A*23:31	0	0	0
A*23:40	0	0	0
A*24:02	0.0852134999067686	0.123726708074534	0.192460530555257
A*24:03	0.00410218161476785	0.00422360248447205	0.00171839759424337
A*24:04	0.000186462800671266	0.000496894409937888	0.000429599398560842
A*24:05	0	0.000248447204968944	0.000644399097841263
A*24:06	0	0.0022360248447205	0.000429599398560842
A*24:07	0.000559388402013798	0.00149068322981366	0.0121361830093438
A*24:08	0	0	0.000536999248201053
A*24:09N	0	0	0
A*24:10	0	0	0.00236279669208463
A*24:101	0	0	0
A*24:109	0	0	0
A*24:11N	0	0	0.000107399849640211
A*24:121	0	0	0
A*24:13	0	0	0.000322199548920632
A*24:131	0	0	0
A*24:138	0	0	0
A*24:14	0	0.000248447204968944	0.000107399849640211
A*24:143	0	0	0
A*24:145	0	0	0
A*24:15	0	0	0.000107399849640211
A*24:162	0	0	0
A*24:164	0	0	0
A*24:165	0	0	0
A*24:167	0	0	0
A*24:17	0.000186462800671266	0.000248447204968944	0.000429599398560842
A*24:170	0	0	0
A*24:18	0.000186462800671266	0	0
A*24:19	0	0	0
A*24:20	0	0	0.00139619804532274
A*24:21	0	0	0.000107399849640211
A*24:22	0	0	0
A*24:23	0	0	0.000536999248201053
A*24:24	0	0	0.000214799699280421
A*24:242	0	0	0
A*24:25	0	0.000248447204968944	0.000107399849640211
A*24:26	0	0	0
A*24:27	0	0	0
A*24:28	0	0	0.000214799699280421
A*24:29	0	0	0.000107399849640211
A*24:30	0	0	0
A*24:31	0	0	0.000107399849640211
A*24:32	0	0	0
A*24:324	0	0	0
A*24:33	0	0	0.000214799699280421
A*24:34	0	0	0
A*24:35	0	0	0.000107399849640211
A*24:353	0	0	0
A*24:36N	0	0	0
A*24:37	0	0	0
A*24:38	0	0	0
A*24:39	0	0	0
A*24:40N	0	0	0
A*24:41	0	0	0
A*24:42	0	0	0
A*24:43	0	0	0
A*24:44	0	0	0
A*24:45N	0	0	0
A*24:46	0	0	0.000107399849640211
A*24:47	0	0	0
A*24:48N	0	0	0
A*24:49	0	0	0
A*24:50	0	0	0
A*24:51	0	0	0.000214799699280421
A*24:52	0	0	0
A*24:53	0	0	0
A*24:54	0	0	0
A*24:55	0	0	0
A*24:56	0	0	0
A*24:57	0	0	0
A*24:58	0	0	0
A*24:59	0	0	0
A*24:60N	0	0	0
A*24:61	0	0	0
A*24:62	0	0	0
A*24:63	0	0	0
A*24:64	0	0	0
A*24:66	0	0	0
A*24:67	0	0	0
A*24:68	0	0	0
A*24:69	0	0	0
A*24:70	0	0	0
A*24:71	0	0	0
A*24:72	0	0.000248447204968944	0
A*24:73	0	0	0
A*24:74	0	0	0
A*24:75	0	0	0
A*24:76	0	0	0
A*24:77	0	0	0
A*24:78	0	0	0
A*24:79	0	0	0
A*24:80	0	0	0
A*24:81	0	0	0
A*24:82	0	0	0
A*24:83N	0	0	0
A*24:84N	0	0	0
A*24:85	0	0	0
A*24:86N	0	0	0
A*24:87	0	0	0
A*24:88	0	0	0
A*24:89	0	0	0
A*24:90N	0	0	0
A*24:91	0	0	0
A*24:92	0	0	0
A*24:93	0	0	0
A*24:94	0	0	0
A*24:95	0	0	0
A*24:96	0	0	0
A*24:97	0	0	0
A*25:01	0.0192056684691404	0.00347826086956522	0.000322199548920632
A*25:02	0	0	0
A*25:03	0	0	0
A*25:04	0	0	0
A*25:05	0.000559388402013798	0	0
A*25:06	0	0	0
A*25:07	0	0	0
A*25:08	0	0	0
A*25:10	0	0	0
A*25:11	0	0	0
A*26:01	0.052582509789297	0.0161490683229814	0.0374825475244335
A*26:02	0.000372925601342532	0	0.00225539684244442
A*26:03	0	0	0.00257759639136505
A*26:04	0	0	0
A*26:05	0	0	0
A*26:06	0	0	0.000107399849640211
A*26:07	0	0	0
A*26:08	0.00316986761141152	0.000248447204968944	0.000322199548920632
A*26:09	0	0	0
A*26:10	0	0	0.000107399849640211
A*26:11N	0.000186462800671266	0.000248447204968944	0.000429599398560842
A*26:12	0.000186462800671266	0.000248447204968944	0
A*26:13	0	0	0
A*26:14	0	0	0.000107399849640211
A*26:15	0.000186462800671266	0	0
A*26:16	0	0	0.000107399849640211
A*26:17	0	0	0
A*26:18	0.000186462800671266	0	0.000107399849640211
A*26:19	0	0	0
A*26:20	0	0	0
A*26:21	0	0	0
A*26:22	0	0	0
A*26:23	0	0	0
A*26:24	0	0	0
A*26:25N	0	0	0
A*26:26	0.000186462800671266	0	0
A*26:27	0	0	0
A*26:28	0	0	0
A*26:29	0	0	0
A*26:30	0	0	0
A*26:31	0	0	0
A*26:32	0	0	0
A*26:33	0	0	0
A*26:34	0	0	0
A*26:35	0	0	0
A*26:36	0	0	0
A*26:37	0	0	0
A*26:38	0	0	0
A*26:39	0	0	0
A*26:40	0	0	0
A*26:42	0	0	0
A*26:49	0	0	0
A*26:52	0	0	0
A*26:54	0	0	0
A*26:60N	0	0	0
A*26:64	0	0	0
A*26:65	0	0	0
A*26:67	0	0	0
A*29:01	0.0106283796382622	0.00322981366459627	0.00579959188057137
A*29:02	0.0246130896886071	0.0258385093167702	0.00107399849640211
A*29:03	0	0	0
A*29:04	0.000559388402013798	0	0
A*29:05	0	0	0
A*29:06	0.000559388402013798	0	0
A*29:07	0	0	0
A*29:08N	0.000559388402013798	0	0
A*29:09	0	0	0
A*29:10	0.00130523960469886	0	0
A*29:11	0	0.00248447204968944	0
A*29:12	0.000559388402013798	0	0
A*29:13	0	0	0
A*29:14	0	0	0
A*29:15	0	0	0
A*29:16	0	0	0
A*29:17	0	0	0
A*29:18	0	0	0
A*29:19	0	0	0
A*29:20	0	0	0
A*29:21	0	0	0
A*29:22	0	0	0
A*29:25	0	0	0
A*29:50	0	0	0
A*30:01	0.0199515196718255	0.044472049689441	0.0221243690258834
A*30:02	0.0130523960469886	0.0427329192546584	0.000429599398560842
A*30:03	0	0	0
A*30:04	0.00335633041208279	0.00645962732919255	0.00118139834604232
A*30:06	0.000559388402013798	0	0
A*30:07	0	0	0
A*30:08	0.000186462800671266	0.000248447204968944	0
A*30:09	0	0	0.000322199548920632
A*30:10	0.000559388402013798	0.000248447204968944	0
A*30:11	0	0	0.000107399849640211
A*30:12	0.000559388402013798	0	0.000107399849640211
A*30:13	0	0	0
A*30:14L	0	0	0
A*30:15	0.00093231400335633	0	0
A*30:16	0	0	0
A*30:17	0	0	0
A*30:18	0.00093231400335633	0	0
A*30:19	0.00093231400335633	0	0
A*30:20	0	0	0
A*30:22	0	0	0
A*30:23	0	0	0
A*30:24	0	0	0
A*30:25	0	0	0
A*30:26	0	0	0
A*30:27N	0	0	0
A*30:28	0	0	0
A*30:29	0	0	0
A*30:30	0	0	0
A*30:31	0	0	0
A*30:32	0	0	0
A*30:35	0	0	0
A*30:44	0	0	0
A*30:47	0	0	0
A*31:01	0.0298340481074026	0.0211180124223602	0.00945118676833853
A*31:02	0	0.000248447204968944	0.000107399849640211
A*31:03	0	0	0.000107399849640211
A*31:04	0.000186462800671266	0	0.000107399849640211
A*31:05	0	0	0
A*31:06	0	0	0.000107399849640211
A*31:07	0	0	0
A*31:08	0	0	0.000859198797121684
A*31:09	0.00391571881409659	0.000248447204968944	0
A*31:10	0	0	0
A*31:11	0	0	0
A*31:119	0	0	0
A*31:12	0	0	0
A*31:13	0	0	0
A*31:14N	0	0	0
A*31:15	0	0	0
A*31:16	0	0	0
A*31:17	0	0	0
A*31:18	0	0	0
A*31:19	0	0	0
A*31:20	0	0	0
A*31:21	0	0	0
A*31:22	0	0	0
A*31:23	0	0	0
A*31:24	0	0	0
A*31:26	0	0	0
A*31:29	0	0	0
A*31:30	0	0	0
A*31:32	0	0	0
A*31:36	0	0	0
A*31:40	0	0	0
A*31:41	0	0	0
A*31:42	0	0	0
A*31:73	0	0	0
A*32:01	0.049039716576543	0.00397515527950311	0.00569219203093116
A*32:02	0.000186462800671266	0	0.000107399849640211
A*32:03	0.000186462800671266	0	0.000214799699280421
A*32:04	0.000186462800671266	0	0.000214799699280421
A*32:05	0	0	0.000107399849640211
A*32:06	0.000186462800671266	0	0.000214799699280421
A*32:07	0	0	0
A*32:08	0	0	0
A*32:09	0	0	0
A*32:10	0	0	0
A*32:11Q	0	0	0
A*32:12	0	0	0
A*32:13	0	0	0
A*32:14	0	0	0
A*32:15	0	0	0
A*32:16	0	0	0
A*32:17	0	0	0
A*32:18	0	0	0
A*32:19N	0	0	0
A*32:20	0	0	0
A*32:21	0	0	0
A*32:22	0	0	0
A*32:25	0	0	0
A*32:26	0	0	0
A*32:27N	0	0	0
A*33:01	0.0115606936416185	0.0183850931677019	0.00805498872301579
A*33:03	0.00708558642550811	0.017888198757764	0.0833422833208033
A*33:04	0	0	0
A*33:05	0.00093231400335633	0	0
A*33:06	0	0	0
A*33:07	0	0	0
A*33:08	0	0	0
A*33:09	0	0	0
A*33:10	0	0	0
A*33:11	0	0	0
A*33:12	0	0	0.000107399849640211
A*33:13	0	0	0
A*33:14	0	0	0
A*33:15	0	0	0
A*33:16	0	0	0
A*33:17	0	0	0
A*33:18	0	0	0
A*33:19	0	0	0
A*33:20	0	0	0
A*33:21	0	0	0
A*33:22	0	0	0
A*33:23	0	0	0
A*33:24	0	0	0
A*33:25	0	0	0
A*33:26	0	0	0
A*33:28	0	0	0
A*33:43	0	0	0
A*33:65	0	0	0
A*33:71	0	0	0
A*34:01	0	0.000496894409937888	0.00622919127913221
A*34:02	0.00130523960469886	0.0208695652173913	0
A*34:03	0	0.000248447204968944	0
A*34:04	0	0	0
A*34:05	0	0	0
A*34:06	0	0	0
A*34:07	0	0	0
A*34:08	0	0	0
A*34:09	0	0	0
A*36:01	0.000559388402013798	0.0154037267080745	0
A*36:02	0	0	0
A*36:03	0	0	0
A*36:04	0	0	0
A*36:05	0	0	0
A*43:01	0	0.00596273291925466	0
A*66:01	0.00727204922617938	0.0106832298136646	0.000859198797121684
A*66:02	0.000186462800671266	0.00521739130434783	0
A*66:03	0	0.00124223602484472	0
A*66:04	0	0	0
A*66:05	0	0	0
A*66:06	0	0	0
A*66:07	0	0	0
A*66:08	0	0	0
A*66:09	0	0	0
A*66:11	0	0	0
A*66:13	0	0	0
A*66:14	0	0	0
A*66:17	0	0	0
A*68:01	0.0389707253402946	0.0226086956521739	0.00429599398560842
A*68:02	0.011933619242961	0.0387577639751553	0.000536999248201053
A*68:03	0.000559388402013798	0.00372670807453416	0.000107399849640211
A*68:04	0	0.000248447204968944	0.000214799699280421
A*68:05	0	0.00198757763975155	0
A*68:06	0	0	0
A*68:07	0	0	0
A*68:08	0	0	0
A*68:09	0	0	0
A*68:10	0	0	0
A*68:11N	0	0	0
A*68:12	0	0	0
A*68:13	0	0	0.000107399849640211
A*68:14	0	0	0
A*68:15	0	0.000248447204968944	0
A*68:16	0	0	0
A*68:17	0	0	0
A*68:18N	0.00149170240537013	0	0
A*68:19	0	0	0
A*68:20	0	0	0
A*68:21	0	0	0
A*68:22	0	0	0
A*68:23	0	0.000248447204968944	0
A*68:24	0	0	0
A*68:25	0	0	0
A*68:26	0	0	0
A*68:27	0	0.000496894409937888	0
A*68:28	0	0	0
A*68:29	0	0	0
A*68:30	0	0.0022360248447205	0
A*68:31	0	0	0
A*68:32	0	0	0
A*68:33	0	0	0
A*68:34	0	0	0
A*68:35	0	0	0
A*68:36	0	0	0
A*68:37	0	0	0
A*68:38	0	0	0
A*68:39	0	0	0
A*68:40	0	0	0
A*68:41	0	0	0
A*68:42	0	0	0
A*68:43	0	0	0
A*68:44	0	0	0
A*68:45	0	0	0
A*68:46	0	0	0
A*68:54	0	0	0
A*68:57	0	0	0
A*68:61	0	0	0
A*68:65	0	0	0
A*68:67	0	0	0
A*68:68	0	0	0
A*68:73	0	0	0
A*68:74	0	0	0
A*68:75	0	0	0
A*68:77	0	0	0
A*68:81	0	0	0
A*69:01	0.00391571881409659	0.00173913043478261	0.00107399849640211
A*74:01	0.000745851202685064	0.0278260869565217	0.000644399097841263
A*74:02	0	0	0
A*74:03	0.000745851202685064	0	0
A*74:04	0	0.000248447204968944	0
A*74:05	0	0	0
A*74:06	0	0	0
A*74:07	0	0	0
A*74:08	0	0	0
A*74:09	0	0.000248447204968944	0
A*74:10	0	0	0
A*74:11	0	0.000248447204968944	0
A*74:13	0	0	0
A*74:14N	0	0	0
A*80:01	0.000372925601342532	0.00372670807453416	0
A*80:02	0	0	0
B*07:02	0.0917839701235277	0.0440917107583774	0.011592879963487
B*07:03	0	0	0
B*07:04	0.000143636885952313	0.000220458553791887	0
B*07:05	0.00646365986785406	0.00639329805996473	0.00885440438156093
B*07:06	0.00057454754380925	0.000661375661375661	0.000547695116385212
B*07:07	0	0.000220458553791887	0.000182565038795071
B*07:08	0	0	0
B*07:09	0	0	0
B*07:10	0	0	0
B*07:102	0	0	0
B*07:103	0	0	0
B*07:104	0	0	0
B*07:105	0	0	0
B*07:107	0	0	0
B*07:109	0	0	0
B*07:11	0	0	0
B*07:111N	0	0	0
B*07:112	0	0	0
B*07:113	0	0	0
B*07:114	0	0	0
B*07:115	0	0	0
B*07:116	0	0	0
B*07:117	0	0	0
B*07:118	0	0	0
B*07:12	0	0	0
B*07:122	0	0	0
B*07:124	0	0	0
B*07:128	0	0	0
B*07:13	0	0	9.12825193975354e-05
B*07:138	0	0	0
B*07:14	0	0.000440917107583774	9.12825193975354e-05
B*07:140	0	0	0
B*07:148	0	0	0
B*07:15	0	0	9.12825193975354e-05
B*07:16	0	0	0
B*07:161N	0	0	0
B*07:165	0	0	0
B*07:168	0	0	0
B*07:17	0	0	0
B*07:170	0	0	0
B*07:18	0	0	0
B*07:19	0	0	0
B*07:20	0.000143636885952313	0	0
B*07:21	0	0	0
B*07:22	0	0	9.12825193975354e-05
B*07:23	0	0	9.12825193975354e-05
B*07:24	0	0	0
B*07:25	0	0	0
B*07:26	0	0	0
B*07:27	0	0	0
B*07:28	0	0	0
B*07:29	0	0	0
B*07:30	0	0	0
B*07:31	0	0	0
B*07:32	0	0	0
B*07:33	0	0	9.12825193975354e-05
B*07:34	0	0	0
B*07:35	0	0	0
B*07:36	0	0	9.12825193975354e-05
B*07:37	0	0	0
B*07:38	0	0	0
B*07:39	0	0	0
B*07:40	0	0	0
B*07:41	0	0	0
B*07:42	0	0	0
B*07:43	0	0	0
B*07:44	0	0	0
B*07:45	0	0	0
B*07:46	0	0	0
B*07:47	0	0	0
B*07:48	0	0	0
B*07:49N	0	0	0
B*07:50	0	0	0
B*07:51	0	0	0
B*07:52	0	0	0
B*07:53	0	0	0
B*07:54	0	0	0
B*07:55	0	0	0
B*07:56	0	0	0
B*07:57	0	0	0
B*07:58	0	0	0
B*07:59	0	0	0
B*07:60	0	0	0
B*07:61	0	0	0
B*07:62	0	0	0
B*07:63	0	0	0
B*07:64	0	0	0
B*07:65	0	0	0
B*07:66	0	0	0
B*07:67N	0	0	0
B*07:68	0	0	0
B*07:70	0	0	0
B*07:71	0	0	0
B*07:75	0	0	0
B*07:77	0	0	0
B*07:80	0	0	0
B*07:81	0	0	0
B*07:85	0	0	0
B*07:86	0	0	0
B*07:89	0	0	0
B*07:90	0	0	0
B*07:91	0	0	0
B*07:92	0	0	0
B*07:95	0	0	0
B*07:96	0	0	0
B*08:01	0.0787130135018673	0.039021164021164	0.00502053856686445
B*08:02	0	0.000220458553791887	0
B*08:03	0.000143636885952313	0.000440917107583774	0
B*08:04	0	0	0.000365130077590141
B*08:05	0	0.000881834215167548	0.000182565038795071
B*08:07	0	0	0
B*08:08N	0	0	0
B*08:09	0	0	0
B*08:10	0	0	0
B*08:11	0	0	0
B*08:12	0	0.000220458553791887	0
B*08:13	0	0	0
B*08:14	0	0	0
B*08:15	0	0	0
B*08:16	0	0	0
B*08:17	0	0	0
B*08:18	0	0	0
B*08:19N	0	0	0
B*08:20	0	0.000220458553791887	0
B*08:21	0	0	0
B*08:22	0	0	0
B*08:23	0	0	0
B*08:24	0	0	0
B*08:25	0	0	0
B*08:26	0	0	0
B*08:27	0	0	0
B*08:28	0	0	0
B*08:29	0	0	0
B*08:30N	0	0	0
B*08:31	0	0	0
B*08:32	0	0	0
B*08:33	0	0	0
B*08:34	0	0	0
B*08:35	0	0	0
B*08:36	0	0	0
B*08:37	0	0	0
B*08:38	0	0	0
B*08:41	0	0	0
B*08:42	0	0	0
B*08:46	0	0	0
B*08:50	0	0.000220458553791887	0
B*08:52	0	0	0
B*08:53	0	0	0
B*08:55	0	0	0
B*08:56	0	0	0
B*08:62	0	0	0
B*08:66	0	0	0
B*08:70	0	0	0
B*08:80	0	0	0
B*13:01	0.000430910657856938	0.000661375661375661	0.0558649018712916
B*13:02	0.0237000861821316	0.00903880070546737	0.0200821542674578
B*13:03	0	0.000220458553791887	0.000182565038795071
B*13:04	0	0	0.000273847558192606
B*13:06	0	0	0
B*13:07N	0	0	0.000821542674577818
B*13:08	0	0	0
B*13:09	0	0	0.000182565038795071
B*13:10	0	0	0
B*13:11	0	0	0.000182565038795071
B*13:12	0	0	0
B*13:13	0	0	9.12825193975354e-05
B*13:14	0	0	0
B*13:15	0	0	0
B*13:16	0	0	0
B*13:17	0	0	0
B*13:18	0	0	0
B*13:19	0	0	0
B*13:20	0	0	0
B*13:21	0	0	0
B*13:22	0	0	0
B*13:23	0	0	0
B*13:32	0	0	0
B*13:33	0	0	0
B*13:34	0	0	0
B*13:38	0	0	0
B*14:01	0.00890548692904338	0.00970017636684303	0.00173436786855317
B*14:02	0.0285837403045102	0.0268959435626102	0.000273847558192606
B*14:03	0	0.000881834215167548	0
B*14:04	0	0	0
B*14:05	0	0.000220458553791887	0.000821542674577818
B*14:06	0	0	0
B*14:07N	0	0	0
B*14:08	0	0	0
B*14:09	0	0	0
B*14:12	0	0	0
B*14:14	0	0	0
B*14:21	0	0	0
B*14:23	0	0	0
B*15:01	0.0461074403906923	0.0169753086419753	0.0660885440438156
B*15:02	0.000143636885952313	0.00154320987654321	0.0617069831127339
B*15:03	0.00603274920999713	0.0436507936507936	0.000730260155180283
B*15:04	0	0.00132275132275132	9.12825193975354e-05
B*15:05	0.000143636885952313	0.00110229276895944	0.00319488817891374
B*15:06	0	0	0.00136923779096303
B*15:07	0.000287273771904625	0.000440917107583774	0.00538566864445459
B*15:08	0.000430910657856938	0.000440917107583774	0.0031036056595162
B*15:09	0.00244182706118931	0.000881834215167548	0.000273847558192606
B*15:10	0.00158000574547544	0.019620811287478	0.000456412596987677
B*15:101	0	0	0
B*15:102	0	0	0
B*15:103	0	0	0
B*15:104	0	0	0
B*15:105	0	0	0
B*15:106	0	0	0
B*15:107	0	0	0
B*15:108	0	0	0
B*15:109	0	0	0
B*15:11	0.000430910657856938	0	0.0146964856230032
B*15:110	0	0	0
B*15:111N	0	0	0
B*15:112	0	0	0
B*15:113	0	0	0
B*15:114	0	0	0
B*15:115	0	0	0
B*15:116	0	0	0
B*15:117	0	0	0
B*15:118	0	0	0
B*15:119	0	0	0
B*15:12	0	0	0.00164308534915564
B*15:120	0	0	0
B*15:121	0	0	0
B*15:122	0	0	0
B*15:123	0	0	0
B*15:124	0	0	0
B*15:125	0	0	0
B*15:126	0	0	0
B*15:127	0	0	0
B*15:128	0	0	0
B*15:129	0	0	0
B*15:13	0.000143636885952313	0.000440917107583774	0.00246462802373345
B*15:131	0	0	0
B*15:132	0	0	0
B*15:133	0	0	0
B*15:134	0	0	0
B*15:135	0	0	0
B*15:136	0	0	0
B*15:137	0	0	0
B*15:138	0	0	0
B*15:139	0	0	0
B*15:14	0	0	0
B*15:140	0	0	0
B*15:141	0	0	0
B*15:142	0	0	0
B*15:143	0	0	0
B*15:144	0	0	0
B*15:145	0	0	0
B*15:146	0	0	0
B*15:147	0	0	0
B*15:148	0	0	0
B*15:149N	0	0	0
B*15:15	0.000143636885952313	0.00264550264550265	0.000638977635782748
B*15:150	0	0	0
B*15:151	0	0	0
B*15:153	0	0	0
B*15:154	0	0	0
B*15:156	0	0	0
B*15:157	0	0	0
B*15:158	0	0	0
B*15:159	0	0	0
B*15:16	0.0011490950876185	0.0105820105820106	0
B*15:161	0	0	0
B*15:164	0	0	0
B*15:165	0	0	0
B*15:167	0	0	0
B*15:17	0.0116345877621373	0.00573192239858906	0.00273847558192606
B*15:170	0	0	0
B*15:174	0	0	0
B*15:175	0	0	0
B*15:178	0	0	0
B*15:18	0.00301637460499856	0.00220458553791887	0.0146052031036057
B*15:183	0	0	0
B*15:184	0	0	0
B*15:185	0	0	0
B*15:188	0	0	0
B*15:19	0	0	0
B*15:191	0	0	0
B*15:192	0	0	0
B*15:193	0	0	0
B*15:194	0	0	0
B*15:198	0	0	0
B*15:20	0	0	0.000730260155180283
B*15:202	0	0	0
B*15:203	0	0	0
B*15:209N	0	0	0
B*15:21	0	0	0.00237334550433592
B*15:211	0	0	0
B*15:212	0	0	0
B*15:219	0	0	0
B*15:220	0	0.000220458553791887	0
B*15:223	0	0	0
B*15:224	0	0	0
B*15:23	0	0.000440917107583774	9.12825193975354e-05
B*15:231	0	0	0
B*15:24	0.00172364263142775	0	0.000182565038795071
B*15:25	0.000287273771904625	0.000440917107583774	0.0156093108169785
B*15:264	0	0	0
B*15:26N	0	0	0
B*15:27	0	0	0.00410771337288909
B*15:28	0	0	9.12825193975354e-05
B*15:29	0	0	0.000273847558192606
B*15:294N	0	0	0
B*15:295	0	0	0
B*15:298	0	0	0
B*15:299	0	0	0
B*15:30	0	0.00110229276895944	0.000638977635782748
B*15:300	0	0	0
B*15:301	0	0	0
B*15:302N	0	0	0
B*15:303	0	0	0
B*15:304N	0	0	0
B*15:31	0	0.000220458553791887	0.000547695116385212
B*15:32	0	0	0.00648105887722501
B*15:33	0	0	0
B*15:34	0.000143636885952313	0	0.000182565038795071
B*15:35	0	0.000220458553791887	0.000547695116385212
B*15:36	0	0	9.12825193975354e-05
B*15:37	0	0.00154320987654321	0
B*15:38	0	0.000220458553791887	0
B*15:39	0.00057454754380925	0.000440917107583774	0.000456412596987677
B*15:40	0	0	0.000182565038795071
B*15:42	0.000143636885952313	0	0
B*15:43	0	0	0
B*15:44	0	0	9.12825193975354e-05
B*15:45	0	0	9.12825193975354e-05
B*15:46	0	0	0.000730260155180283
B*15:47	0	0.000220458553791887	9.12825193975354e-05
B*15:48	0	0	9.12825193975354e-05
B*15:49	0	0	0
B*15:50	0	0	9.12825193975354e-05
B*15:51	0	0	0
B*15:52	0	0	0
B*15:53	0	0	0.000273847558192606
B*15:54	0	0	0
B*15:55	0	0	0
B*15:56	0	0	9.12825193975354e-05
B*15:57	0	0	0
B*15:58	0	0	0.00109539023277042
B*15:60	0	0	0
B*15:61	0	0	0
B*15:62	0	0	0
B*15:63	0	0	0
B*15:64	0	0	0
B*15:65	0	0	0
B*15:66	0	0	0
B*15:67	0.000287273771904625	0	0
B*15:68	0	0	9.12825193975354e-05
B*15:69	0	0	0
B*15:70	0	0	0.000365130077590141
B*15:71	0.000143636885952313	0	0.000365130077590141
B*15:72	0.000287273771904625	0	0
B*15:73	0	0	0
B*15:74	0	0	0
B*15:75	0	0	0
B*15:76	0	0	0
B*15:77	0	0	0
B*15:78	0	0	0
B*15:79N	0	0	0
B*15:80	0.000143636885952313	0	0
B*15:81	0	0	0
B*15:82	0	0	0
B*15:83	0	0	0
B*15:84	0	0	0
B*15:85	0	0	0
B*15:86	0	0	9.12825193975354e-05
B*15:87	0	0	0
B*15:88	0	0	0
B*15:89	0	0	0
B*15:90	0.000287273771904625	0	0
B*15:91	0	0	0
B*15:92	0	0	0
B*15:93	0	0	0
B*15:94N	0	0	0
B*15:95	0	0	0
B*15:96	0	0	0
B*15:97	0	0	0
B*15:98	0	0	0
B*15:99	0	0	0
B*18:01	0.0488365412237863	0.025352733686067	0.00565951620264719
B*18:02	0.000143636885952313	0	0.000638977635782748
B*18:03	0.000861821315713875	0	0.000912825193975354
B*18:04	0.000143636885952313	0	0
B*18:05	0.000287273771904625	0	0
B*18:06	0	0	0
B*18:07	0	0	0.000821542674577818
B*18:08	0	0	0
B*18:09	0.000143636885952313	0	0
B*18:10	0	0	0
B*18:11	0	0	0
B*18:12	0	0	0
B*18:13	0	0	0
B*18:14	0	0	0
B*18:15	0	0	0
B*18:17N	0	0	0
B*18:18	0	0	0
B*18:19	0	0	0
B*18:20	0	0	0
B*18:21	0	0	0
B*18:22	0	0	0
B*18:23N	0	0	0
B*18:24	0	0	0
B*18:25	0	0	0
B*18:26	0	0	0
B*18:27	0	0	0
B*18:28	0	0	0
B*18:29	0	0	0
B*18:30	0	0	0
B*18:31	0	0	0
B*18:32	0	0	0
B*18:33	0	0	0
B*18:34	0	0	0
B*18:36	0	0	0
B*18:37	0	0	0
B*18:40	0.000143636885952313	0	0
B*18:44	0	0	0
B*18:54	0	0	0
B*18:60	0	0	0
B*18:61	0	0	0
B*18:63	0	0	0
B*18:97	0	0	0
B*27:01	0	0	9.12825193975354e-05
B*27:02	0.00517092789428325	0.000220458553791887	0
B*27:03	0.000287273771904625	0.0017636684303351	0.000182565038795071
B*27:04	0.000287273771904625	0	0.0139662254678229
B*27:05	0.0330364837690319	0.0178571428571429	0.00383386581469649
B*27:06	0	0.000220458553791887	0.0015518028297581
B*27:07	0.000287273771904625	0	0.000730260155180283
B*27:08	0.000143636885952313	0	9.12825193975354e-05
B*27:09	0.000430910657856938	0	0
B*27:10	0.000143636885952313	0	0
B*27:11	0.000143636885952313	0	9.12825193975354e-05
B*27:110	0	0	0
B*27:12	0.000143636885952313	0	9.12825193975354e-05
B*27:127	0	0	0
B*27:13	0	0	9.12825193975354e-05
B*27:14	0	0	0
B*27:15	0	0	0
B*27:16	0	0	0
B*27:17	0	0	0
B*27:18	0	0	0
B*27:19	0	0	0
B*27:20	0	0	0
B*27:21	0	0	9.12825193975354e-05
B*27:23	0	0	0
B*27:24	0	0	0
B*27:25	0	0	0
B*27:26	0	0	0
B*27:27	0	0	0
B*27:28	0	0	0
B*27:29	0	0	0
B*27:30	0	0	0
B*27:31	0	0	0
B*27:32	0	0	0
B*27:33	0	0	0
B*27:34	0	0	0
B*27:35	0	0	0
B*27:36	0	0	0
B*27:37	0	0	0
B*27:38	0	0	0
B*27:39	0	0.000220458553791887	0
B*27:40	0	0	0
B*27:41	0	0	0
B*27:42	0	0	0
B*27:43	0	0	0
B*27:44	0	0	0
B*27:45	0	0	0
B*27:46	0	0	0
B*27:47	0	0	0
B*27:49	0	0	0
B*27:53	0	0	0
B*27:54	0	0	0
B*27:56	0	0	0
B*27:57	0	0	0
B*27:59N	0	0	0
B*27:63	0	0	0
B*27:65N	0	0	0
B*27:66N	0	0	0
B*27:75	0	0	0
B*27:78	0	0	0
B*27:79	0	0	0
B*35:01	0.0568802068371158	0.0718694885361552	0.0270196257416705
B*35:02	0.0126400459638035	0.00418871252204586	0.00136923779096303
B*35:03	0.0310255673656995	0.00661375661375661	0.0100410771337289
B*35:04	0.000718184429761563	0.00132275132275132	9.12825193975354e-05
B*35:05	0.000287273771904625	0.00220458553791887	0.00675490643541762
B*35:06	0.000143636885952313	0.0017636684303351	0.000182565038795071
B*35:07	0	0	0
B*35:08	0.00876185004309107	0.0017636684303351	0.000182565038795071
B*35:09	0	0.000220458553791887	9.12825193975354e-05
B*35:10	0	0	9.12825193975354e-05
B*35:102	0	0	0
B*35:104	0	0	0
B*35:109	0	0	0
B*35:11	0	0.000220458553791887	9.12825193975354e-05
B*35:112	0	0	0
B*35:113	0	0	0
B*35:115	0	0	0
B*35:117	0	0	0
B*35:12	0.000143636885952313	0.00815696649029982	9.12825193975354e-05
B*35:121	0	0	0
B*35:125	0	0	0
B*35:13	0	0	0.000273847558192606
B*35:132	0	0	0
B*35:133	0	0	0
B*35:135	0	0	0
B*35:136	0	0	0
B*35:14	0	0.000440917107583774	0
B*35:141	0	0	0
B*35:148	0	0	0
B*35:149	0	0	0
B*35:15	0	0	0.000273847558192606
B*35:150	0	0	0
B*35:151	0	0	0
B*35:152	0	0	0
B*35:154	0	0	0
B*35:155	0	0	0
B*35:156	0	0	0
B*35:157	0	0	0
B*35:158	0	0	0
B*35:159	0	0	0
B*35:16	0	0	9.12825193975354e-05
B*35:160	0	0	0
B*35:162	0	0	0
B*35:17	0.000143636885952313	0.0050705467372134	0.000365130077590141
B*35:18	0	0	0
B*35:19	0	0	0
B*35:191	0	0	0
B*35:20	0	0.000440917107583774	0.000456412596987677
B*35:21	0	0.000440917107583774	9.12825193975354e-05
B*35:22	0	0	0
B*35:224	0	0	0
B*35:23	0	0	0
B*35:235	0	0	0
B*35:236	0	0	0
B*35:24	0	0	0
B*35:25	0	0	0.000273847558192606
B*35:26	0	0	0
B*35:27	0.000430910657856938	0	0
B*35:279	0	0	0
B*35:28	0	0.000220458553791887	0.000182565038795071
B*35:286	0	0	0
B*35:29	0	0	0
B*35:30	0	0	0
B*35:31	0	0	0
B*35:32	0.000143636885952313	0	9.12825193975354e-05
B*35:33	0.000143636885952313	0	0
B*35:34	0	0	0
B*35:35	0	0	0
B*35:36	0	0	0
B*35:37	0	0	0
B*35:38	0	0	0
B*35:39	0	0	0
B*35:40N	0	0	0
B*35:41	0.0001	0	0
B*35:42	0	0	9.12825193975354e-05
B*35:43	0	0.00286596119929453	0
B*35:44	0	0	0
B*35:45	0	0	0
B*35:46	0	0	9.12825193975354e-05
B*35:47	0	0	0
B*35:48	0	0	0
B*35:49	0	0	0
B*35:50	0	0	0
B*35:51	0	0	0
B*35:52	0	0	0
B*35:53N	0	0	0
B*35:54	0	0	0
B*35:55	0	0	0
B*35:56	0	0	0
B*35:57	0	0	0
B*35:58	0	0	0
B*35:59	0	0	0
B*35:60	0	0	9.12825193975354e-05
B*35:61	0	0	0
B*35:62	0	0	0
B*35:63	0	0	0
B*35:64	0	0	0
B*35:65Q	0	0	0
B*35:66	0	0	0
B*35:67	0	0	0
B*35:68	0	0	0
B*35:69	0	0	0
B*35:70	0	0	0
B*35:71	0	0	0
B*35:72	0	0	0
B*35:74	0	0	0
B*35:75	0	0	0
B*35:76	0	0	0
B*35:77	0.000143636885952313	0	0
B*35:78	0	0	0
B*35:79	0	0	0
B*35:80	0	0	0
B*35:81	0	0	0
B*35:82	0	0	0
B*35:83	0	0	0
B*35:84	0	0	0
B*35:85	0	0	0
B*35:86	0	0	0
B*35:87	0	0	0
B*35:88	0	0	0
B*35:89	0	0	0
B*35:90	0	0	0
B*35:91	0	0	0
B*35:92	0	0	0
B*35:93	0	0	0
B*35:94	0	0	0
B*35:95	0	0	0
B*35:96	0	0	0
B*35:98	0	0	0
B*35:99	0	0	0
B*37:01	0.011490950876185	0.00617283950617284	0.00785029666818804
B*37:02	0.000287273771904625	0	0
B*37:03N	0.00215455328928469	0	0
B*37:04	0.000143636885952313	0	0
B*37:05	0	0	0
B*37:06	0	0	0
B*37:07	0	0	0
B*37:08	0	0	0
B*37:09	0	0	0
B*37:10	0	0	0
B*37:11	0	0	0
B*37:12	0	0	0
B*37:13	0	0	0
B*37:14	0	0	0
B*37:17	0	0	0
B*37:19	0	0	0
B*37:22	0	0	0
B*38:01	0.0199655271473714	0.00551146384479718	0.00246462802373345
B*38:02	0.000143636885952313	0.000220458553791887	0.0270196257416705
B*38:03	0	0	0
B*38:04	0	0	9.12825193975354e-05
B*38:05	0	0	0.000182565038795071
B*38:06	0.000143636885952313	0	9.12825193975354e-05
B*38:07	0	0	0
B*38:08	0	0	0
B*38:09	0.00158000574547544	0	0
B*38:10	0	0	0
B*38:11	0	0	0
B*38:12	0	0	0
B*38:13	0	0	0
B*38:14	0	0	0
B*38:15	0	0	0
B*38:16	0	0	0
B*38:17	0	0	0
B*38:20	0	0	0
B*38:46	0	0	0
B*38:47	0	0	0
B*39:01	0.0120654984199943	0.0112433862433862	0.0258329529895025
B*39:02	0.000143636885952313	0.00110229276895944	0.000456412596987677
B*39:03	0.000287273771904625	0.00220458553791887	0
B*39:04	0	0.000220458553791887	9.12825193975354e-05
B*39:05	0.000430910657856938	0.0114638447971781	0.000547695116385212
B*39:06	0.00517092789428325	0.0163139329805996	0.000273847558192606
B*39:07	0	0	0.000638977635782748
B*39:08	0	0.00198412698412698	0
B*39:09	0	0.000220458553791887	0.000912825193975354
B*39:10	0.000287273771904625	0.00352733686067019	9.12825193975354e-05
B*39:11	0	0.000440917107583774	9.12825193975354e-05
B*39:112	0	0	0
B*39:12	0	0.000661375661375661	0
B*39:13	0	0	0
B*39:14	0	0	0
B*39:15	0	0	0.000456412596987677
B*39:16	0	0	0
B*39:17	0	0	0
B*39:18	0	0	0
B*39:19	0	0	0
B*39:20	0	0	0
B*39:22	0	0	0
B*39:23	0	0	0
B*39:24	0.00057454754380925	0	0
B*39:25N	0.000430910657856938	0	0
B*39:26	0.000143636885952313	0	0
B*39:27	0.000430910657856938	0	0
B*39:28	0.000143636885952313	0	0
B*39:29	0	0	0
B*39:30	0	0	0
B*39:31	0	0	0
B*39:32	0	0	0
B*39:33	0	0	0
B*39:34	0	0	0
B*39:35	0	0	0
B*39:36	0	0	0
B*39:37	0	0	0
B*39:38Q	0	0	0
B*39:39	0	0	0
B*39:40	0	0	0
B*39:41	0	0	0
B*39:42	0	0	0
B*39:43	0	0	0
B*39:44	0	0	0
B*39:45	0	0	0
B*39:46	0	0	0
B*39:47	0	0	0
B*39:49	0	0	0
B*39:52	0	0	0
B*39:54	0	0	0
B*39:76	0	0	0
B*39:77	0	0	0
B*39:86	0	0	0
B*40:01	0.04409652398736	0.0165343915343915	0.113738019169329
B*40:02	0.0225509910945131	0.0489417989417989	0.0240073026015518
B*40:03	0.000143636885952313	0	0.00109539023277042
B*40:04	0	0.0017636684303351	0.000182565038795071
B*40:05	0.000430910657856938	0.021384479717813	0.000273847558192606
B*40:06	0.0011490950876185	0.00198412698412698	0.0247375627567321
B*40:07	0	0	0.000182565038795071
B*40:08	0	0.000881834215167548	0.000182565038795071
B*40:09	0	0.00154320987654321	0
B*40:10	0	0	0.000365130077590141
B*40:102	0	0	0
B*40:106	0	0	0
B*40:107	0	0	0
B*40:11	0.000143636885952313	0.000220458553791887	0.000365130077590141
B*40:110	0	0	0
B*40:111	0	0	0
B*40:113	0	0	0
B*40:114	0	0	0
B*40:117	0	0	0
B*40:12	0	0.000220458553791887	0.000365130077590141
B*40:120	0	0	0
B*40:121	0	0	0
B*40:122	0	0	0
B*40:123	0	0	0
B*40:124	0	0	0
B*40:125	0	0	0
B*40:126	0	0	0
B*40:127	0	0	0
B*40:128	0	0	0
B*40:129	0	0	0
B*40:13	0	0	0
B*40:130	0	0	0
B*40:132	0	0	0
B*40:134	0	0	0
B*40:135	0	0	0
B*40:136	0	0	0
B*40:137	0	0	0
B*40:14	0	0	0.000638977635782748
B*40:140	0	0	0
B*40:146	0	0	0
B*40:148	0	0	0
B*40:15	0	0	0
B*40:153	0	0	0
B*40:157	0	0	0
B*40:158	0	0	0
B*40:16	0	0.000881834215167548	0
B*40:162	0	0	0
B*40:18	0	0	0.000182565038795071
B*40:19	0.000143636885952313	0	0
B*40:20	0.0001	0.000220458553791887	9.12825193975354e-05
B*40:208	0	0	0
B*40:21	0	0	0
B*40:214	0	0	0
B*40:222	0	0	0
B*40:229	0	0	0
B*40:22N	0	0	0
B*40:23	0	0	0.000182565038795071
B*40:24	0	0	0
B*40:25	0	0	0
B*40:26	0	0	9.12825193975354e-05
B*40:268	0	0	0
B*40:27	0	0.000881834215167548	0
B*40:28	0	0	0
B*40:287	0	0	0
B*40:29	0	0	0
B*40:30	0	0	0
B*40:31	0	0.000220458553791887	0
B*40:32	0	0	0
B*40:33	0	0	0
B*40:34	0	0	0
B*40:35	0	0	9.12825193975354e-05
B*40:356	0	0	0
B*40:36	0	0	9.12825193975354e-05
B*40:37	0	0	9.12825193975354e-05
B*40:38	0	0	9.12825193975354e-05
B*40:39	0	0	0.000182565038795071
B*40:40	0	0	0.000182565038795071
B*40:42	0	0	9.12825193975354e-05
B*40:43	0	0	9.12825193975354e-05
B*40:44	0	0	9.12825193975354e-05
B*40:45	0	0	0
B*40:46	0	0	0
B*40:47	0	0	0
B*40:48	0	0	0
B*40:49	0	0	0.000365130077590141
B*40:50	0	0	9.12825193975354e-05
B*40:51	0	0	0
B*40:52	0	0	9.12825193975354e-05
B*40:53	0.000143636885952313	0	0
B*40:54	0	0	0
B*40:55	0	0	0
B*40:56	0	0	0
B*40:57	0	0	0
B*40:58	0	0	0
B*40:59	0	0	0
B*40:60	0	0	0
B*40:61	0	0	0
B*40:62	0	0	0
B*40:63	0	0	0
B*40:64	0	0	0
B*40:65	0	0	9.12825193975354e-05
B*40:66	0	0	0
B*40:67	0	0	0
B*40:68	0	0	0
B*40:69	0	0	0
B*40:70	0.000287273771904625	0	0
B*40:71	0	0	0
B*40:72	0	0	0
B*40:73	0	0	0
B*40:74	0	0	0
B*40:75	0	0	0
B*40:76	0	0	0
B*40:77	0	0	0
B*40:78	0	0	0
B*40:79	0	0	0
B*40:80	0	0	0
B*40:81	0	0	0
B*40:82	0	0	0
B*40:83	0	0	0
B*40:84	0	0	0
B*40:85	0	0	0
B*40:86	0	0	0
B*40:87	0	0	0
B*40:88	0	0	9.12825193975354e-05
B*40:89	0	0	0
B*40:90	0	0	0
B*40:91	0	0	0
B*40:92	0	0	0
B*40:93	0	0	0
B*40:94	0	0	0
B*40:95	0	0	0
B*40:99	0	0	0
B*41:01	0.00488365412237863	0.00837742504409171	0.000730260155180283
B*41:02	0.00402183280666475	0.00440917107583774	0.000182565038795071
B*41:03	0	0.000440917107583774	0
B*41:04	0	0	0
B*41:05	0	0	0
B*41:06	0.000143636885952313	0	0
B*41:07	0.000143636885952313	0	0
B*41:08	0	0	0
B*41:09	0	0	0
B*41:14	0	0	0
B*41:15	0	0	0
B*41:16	0	0	0
B*41:18	0	0	0
B*41:23	0	0	0
B*41:28	0	0	0
B*42:01	0.00129273197357081	0.0319664902998236	0.000365130077590141
B*42:02	0.000143636885952313	0.00418871252204586	9.12825193975354e-05
B*42:04	0	0	0
B*42:05	0	0	0
B*42:06	0	0.000220458553791887	0
B*42:07	0	0	0
B*42:08	0	0	0
B*42:09	0	0	0
B*42:10	0	0	0
B*42:13	0	0	0
B*42:18	0	0	0
B*44:02	0.0662166044240161	0.019620811287478	0.00337745321770881
B*44:03	0.0465383510485493	0.0343915343915344	0.0214513920584208
B*44:04	0.00100545820166619	0.000440917107583774	0.000456412596987677
B*44:05	0.00258546394714163	0.000661375661375661	0
B*44:06	0	0.000220458553791887	0.0015518028297581
B*44:07	0	0.000661375661375661	0.000365130077590141
B*44:08	0.000143636885952313	0.000881834215167548	9.12825193975354e-05
B*44:09	0	0	0.000273847558192606
B*44:10	0	0.000661375661375661	0
B*44:103	0	0	0
B*44:108N	0	0	0
B*44:11	0	0	0
B*44:111	0	0	0
B*44:114	0	0	0
B*44:12	0	0	9.12825193975354e-05
B*44:120	0	0	0
B*44:121	0	0	0
B*44:126	0	0	0
B*44:13	0	0	0
B*44:14	0.000861821315713875	0	0
B*44:15	0	0	0
B*44:151	0	0	0
B*44:16	0	0	0
B*44:17	0.000287273771904625	0	0
B*44:175	0	0	0
B*44:18	0	0	0
B*44:19N	0	0	0
B*44:20	0	0	0
B*44:21	0.000143636885952313	0	0
B*44:22	0	0	9.12825193975354e-05
B*44:23N	0	0	0
B*44:24	0	0	0
B*44:25	0	0	0
B*44:26	0	0	0
B*44:27	0.000287273771904625	0	0
B*44:28	0	0	0
B*44:29	0.000143636885952313	0.000220458553791887	0
B*44:30	0	0	0
B*44:31	0	0	0
B*44:32	0	0	0
B*44:33	0	0	0
B*44:34	0	0	0
B*44:35	0	0	0
B*44:36	0	0	0
B*44:37	0	0	0
B*44:38	0	0	0
B*44:39	0	0	0
B*44:40	0	0	0
B*44:41	0	0	0
B*44:42	0	0	0
B*44:43	0	0	0
B*44:44	0	0	0
B*44:45	0	0	0
B*44:46	0	0	0
B*44:47	0	0	0
B*44:48	0	0	0
B*44:49	0	0	0
B*44:50	0	0	0
B*44:51	0	0	0
B*44:52N	0	0	0
B*44:53	0	0	0
B*44:54	0	0	0
B*44:55	0	0	0
B*44:56N	0	0	0
B*44:57	0	0	0
B*44:58N	0	0	0
B*44:59	0	0	0
B*44:60	0	0	0
B*44:61N	0	0	0
B*44:62	0	0	0
B*44:63	0	0	0
B*44:64	0	0	0
B*44:65	0	0	0
B*44:74	0	0	0
B*44:76	0	0	0
B*44:79	0	0	0
B*44:82	0	0	0
B*44:83	0	0	0
B*44:84	0	0	0
B*44:86	0	0	0
B*44:87	0	0	0
B*44:88	0	0	0
B*44:92	0	0	0
B*44:96	0	0	0
B*45:01	0.00531456478023556	0.0337301587301587	0.000638977635782748
B*45:02	0	0	0
B*45:03	0.00158000574547544	0	0
B*45:04	0	0	0
B*45:05	0	0	0
B*45:06	0	0	9.12825193975354e-05
B*45:07	0	0.000220458553791887	0
B*45:08	0	0	0
B*45:09	0	0	0
B*46:01	0.00057454754380925	0	0.0889091738931995
B*46:02	0.000287273771904625	0	9.12825193975354e-05
B*46:03	0	0	0
B*46:04	0	0	0
B*46:05	0	0	0
B*46:06	0	0	0
B*46:07N	0	0	0
B*46:08	0	0	0
B*46:09	0	0	0
B*46:10	0	0	0
B*46:11	0	0	0
B*46:12	0	0	0
B*46:13	0	0	0
B*46:14	0	0	9.12825193975354e-05
B*46:15N	0	0	0
B*46:16	0	0	0
B*46:17	0	0	0
B*46:18	0	0	0
B*46:20	0	0	0
B*46:21	0	0	0
B*46:22	0	0	0
B*47:01	0.00502729100833094	0.0017636684303351	0
B*47:02	0.000143636885952313	0	0
B*47:03	0	0	0
B*47:04	0	0	0
B*47:05	0	0	0
B*47:06	0	0	0
B*47:07	0	0	0
B*48:01	0.00244182706118931	0.0304232804232804	0.0243724326791419
B*48:02	0	0.000440917107583774	0.000273847558192606
B*48:03	0	0.00242504409171076	0.00228206298493838
B*48:04	0.000143636885952313	0	0.000273847558192606
B*48:05	0	0	0
B*48:06	0	0	0.000182565038795071
B*48:07	0	0	0.000273847558192606
B*48:08	0	0	9.12825193975354e-05
B*48:09	0	0	0
B*48:10	0	0	0
B*48:11	0.000143636885952313	0	0
B*48:12	0	0	0
B*48:13	0	0	0
B*48:14	0	0	0
B*48:15	0	0	0
B*48:16	0	0	0
B*48:17	0	0	0
B*48:18	0	0	0
B*48:19	0	0	0
B*48:24	0	0	0
B*49:01	0.0199655271473714	0.021384479717813	0.000912825193975354
B*49:02	0	0	9.12825193975354e-05
B*49:03	0	0	0
B*49:04	0	0	0
B*49:05	0	0	0
B*49:10	0	0	0
B*50:01	0.0152255099109451	0.0114638447971781	0.00301232314011867
B*50:02	0.00186727951738006	0.000661375661375661	0
B*50:04	0.000430910657856938	0	0
B*50:05	0	0	0
B*50:07	0	0	0
B*50:12	0	0	0
B*50:16	0	0	0
B*51:01	0.0745475438092502	0.0229276895943563	0.0376996805111821
B*51:02	0	0.0160934744268078	0.00456412596987677
B*51:03	0	0	9.12825193975354e-05
B*51:04	0	0.000220458553791887	0.000182565038795071
B*51:05	0.00100545820166619	0	0
B*51:06	0.000143636885952313	0.000220458553791887	0.000912825193975354
B*51:07	0.00244182706118931	0.000220458553791887	0.00109539023277042
B*51:08	0.00201091640333238	0.000661375661375661	9.12825193975354e-05
B*51:09	0.000287273771904625	0.000220458553791887	0.000182565038795071
B*51:10	0.000143636885952313	0.00418871252204586	0.000730260155180283
B*51:100	0	0	0
B*51:102	0	0	0
B*51:103	0	0	0
B*51:105	0	0	0
B*51:107	0	0	0
B*51:109	0	0	0
B*51:11N	0	0	0
B*51:12	0	0	0
B*51:13	0	0	0
B*51:14	0	0.000220458553791887	0
B*51:146	0	0	0
B*51:148	0	0	0
B*51:15	0	0	9.12825193975354e-05
B*51:152	0	0	0
B*51:154	0	0	0
B*51:157	0	0	0
B*51:16	0	0	0
B*51:17	0	0	0
B*51:18	0	0	0
B*51:19	0	0	9.12825193975354e-05
B*51:20	0	0	0
B*51:21	0	0	9.12825193975354e-05
B*51:22	0	0	9.12825193975354e-05
B*51:23	0.0001	0.00001	0
B*51:24	0	0	0
B*51:26	0	0	0
B*51:27N	0	0	0
B*51:28	0	0	0
B*51:29	0	0	0
B*51:30	0	0	0
B*51:31	0	0	9.12825193975354e-05
B*51:32	0.000143636885952313	0	0
B*51:33	0	0	0
B*51:34	0	0	9.12825193975354e-05
B*51:35	0	0	0
B*51:36	0	0	0
B*51:37	0	0	0
B*51:38	0	0	0
B*51:39	0	0	0
B*51:40	0	0	0
B*51:41N	0	0	0
B*51:42	0	0	0
B*51:43	0	0	0
B*51:44N	0	0	0
B*51:45	0	0	0
B*51:46	0	0	0
B*51:48	0	0	0
B*51:49	0	0	0
B*51:50	0	0	0
B*51:51	0	0	0
B*51:52	0	0	0
B*51:53	0	0	0
B*51:54	0	0	0
B*51:55	0	0	0
B*51:56	0	0	0
B*51:57	0	0	0
B*51:58	0	0	0
B*51:59	0	0	0
B*51:60	0	0	0
B*51:61	0	0	0
B*51:62	0	0	0
B*51:63	0	0	0
B*51:64	0	0	0
B*51:65	0	0	0
B*51:66	0	0	0
B*51:67	0	0	0
B*51:68	0	0	0
B*51:69	0	0	0
B*51:70	0	0	0
B*51:72	0	0	0
B*51:73	0	0	0
B*51:75	0	0	0
B*51:76	0	0	0
B*51:77	0	0	0
B*51:78	0	0	0
B*51:79	0	0	0
B*51:87	0	0	0
B*51:88	0	0	0
B*51:89	0	0	0
B*51:90	0	0	0
B*51:91	0	0	0
B*51:92	0	0	0
B*51:93	0	0	0
B*51:95	0	0	0
B*51:98N	0	0	0
B*52:01	0.0126400459638035	0.0143298059964727	0.0196257416704701
B*52:02	0	0	0
B*52:03	0	0	0
B*52:04	0	0	0
B*52:05	0.000287273771904625	0	0
B*52:06	0	0	0
B*52:07	0	0	0
B*52:08	0	0	0
B*52:09	0	0	0
B*52:10	0	0	0
B*52:11	0	0	0
B*52:12	0	0	0
B*52:13	0	0	0
B*52:14	0	0	0
B*52:16	0	0	0
B*53:01	0.00603274920999713	0.0480599647266314	0.000821542674577818
B*53:02	0.000287273771904625	0.000661375661375661	0
B*53:03	0.000143636885952313	0	0.000547695116385212
B*53:04	0	0	0
B*53:05	0	0	0
B*53:06	0	0	0
B*53:07	0	0	0
B*53:08	0	0	9.12825193975354e-05
B*53:09	0	0	0
B*53:10	0.00186727951738006	0	0
B*53:11	0	0	0
B*53:12	0	0	0
B*53:13	0	0	0
B*53:14	0	0	0
B*53:15	0	0	0
B*53:16	0	0	0
B*53:19	0	0	0
B*53:20	0	0	0
B*53:21	0	0	0
B*53:22	0	0	0
B*53:24	0	0	0
B*54:01	0.000718184429761563	0	0.0259242355089
B*54:02	0	0	9.12825193975354e-05
B*54:03	0	0	0
B*54:04	0	0	0
B*54:05N	0	0	0
B*54:06	0	0	0
B*54:07	0	0	0
B*54:08N	0	0	0
B*54:09	0	0	0
B*54:10	0	0	0
B*54:11	0	0	0
B*54:12	0	0	0
B*54:13	0	0	0
B*54:14	0	0	0
B*54:15	0	0	0
B*54:16	0	0	0
B*54:17	0	0	0
B*54:18	0	0	0
B*54:20	0	0	0
B*54:21	0	0	0
B*55:01	0.0129273197357081	0.00396825396825397	0.00346873573710634
B*55:02	0.000287273771904625	0.000220458553791887	0.0259242355089
B*55:03	0.002298190175237	0	9.12825193975354e-05
B*55:04	0	0	0.00100410771337289
B*55:05	0	0	0
B*55:07	0	0	0.000547695116385212
B*55:08	0	0	9.12825193975354e-05
B*55:09	0	0	0
B*55:10	0	0	0.000182565038795071
B*55:11	0	0	0
B*55:12	0	0	0.000182565038795071
B*55:13	0	0	9.12825193975354e-05
B*55:14	0	0	0
B*55:15	0.000861821315713875	0	0
B*55:16	0	0	9.12825193975354e-05
B*55:17	0	0	0
B*55:18	0	0	0
B*55:19	0	0	0
B*55:20	0	0	0
B*55:21	0	0	0
B*55:22	0	0	0
B*55:23	0	0	9.12825193975354e-05
B*55:24	0	0	0
B*55:25	0	0	0
B*55:26	0	0	0
B*55:27	0	0	0
B*55:28	0	0	0
B*55:29	0	0	0
B*55:30	0	0	0
B*55:31	0	0	0
B*55:32	0	0	9.12825193975354e-05
B*55:33	0	0	0
B*55:34	0	0	0
B*55:35	0	0	0
B*55:41	0	0	0
B*55:46	0	0	0
B*55:49	0	0	0
B*56:01	0.00502729100833094	0.00264550264550265	0.0110451848471018
B*56:02	0.000143636885952313	0	0.000547695116385212
B*56:03	0	0	0.00173436786855317
B*56:04	0	0	0.00109539023277042
B*56:05	0	0	0.000182565038795071
B*56:06	0	0	9.12825193975354e-05
B*56:07	0	0	9.12825193975354e-05
B*56:08	0	0	0
B*56:09	0	0	9.12825193975354e-05
B*56:10	0	0	0
B*56:11	0	0	9.12825193975354e-05
B*56:12	0	0	0
B*56:13	0	0	0
B*56:14	0	0	0
B*56:15	0	0	0
B*56:16	0	0	0
B*56:17	0	0	0
B*56:18	0	0	0
B*56:19N	0	0	0
B*56:20	0.000287273771904625	0	0
B*56:21	0	0	0
B*56:22	0	0	0
B*56:23	0	0	0
B*56:24	0	0	0
B*56:26	0	0	0
B*56:43	0	0	0
B*57:01	0.0265728239011778	0.00903880070546737	0.00584208124144226
B*57:02	0.0011490950876185	0.00418871252204586	9.12825193975354e-05
B*57:03	0.00129273197357081	0.0127865961199295	9.12825193975354e-05
B*57:04	0	0.0017636684303351	0
B*57:05	0	0.000220458553791887	0
B*57:06	0.000143636885952313	0	0
B*57:07	0	0	0
B*57:08	0	0	0
B*57:09	0	0	0
B*57:10	0	0	0
B*57:11	0	0	0
B*57:12	0	0	0
B*57:13	0	0	0
B*57:14	0	0	0
B*57:15	0	0	0
B*57:16	0	0	0
B*57:17	0	0	0
B*57:18	0	0	0
B*57:19	0	0	0
B*57:21	0	0	0
B*57:22	0	0	0
B*57:24	0	0	0
B*57:25	0	0	0
B*57:26	0	0	0
B*57:30	0	0	0
B*57:34	0	0	0
B*57:40	0	0	0
B*57:63	0	0	0
B*57:76	0	0	0
B*58:01	0.0139327779373743	0.0288800705467372	0.0600638977635783
B*58:02	0.000430910657856938	0.0317460317460317	0.000182565038795071
B*58:04	0	0	0
B*58:05	0	0	0
B*58:06	0	0	9.12825193975354e-05
B*58:07	0	0	0
B*58:08	0	0	0
B*58:09	0	0	0
B*58:10N	0	0	0
B*58:11	0	0	0
B*58:12	0	0	0
B*58:13	0	0	0
B*58:14	0	0	0
B*58:15	0	0	0
B*58:16	0	0	0
B*58:17N	0	0	0
B*58:18	0	0	0
B*58:19	0	0	0
B*58:20	0	0	0
B*58:21	0	0	0
B*58:22	0	0	0
B*58:25	0	0	0
B*58:27	0	0	0
B*58:29	0	0	0
B*58:32	0	0	0
B*58:33	0	0	0
B*58:34	0	0	0
B*59:01	0	0	0.00246462802373345
B*59:02	0	0	0
B*59:03	0	0	0
B*67:01	0.000287273771904625	0.000220458553791887	0.00328617069831127
B*67:02	0	0	0
B*73:01	0.00057454754380925	0.000220458553791887	9.12825193975354e-05
B*78:01	0.00430910657856938	0.0050705467372134	0.000182565038795071
B*78:02	0	0.000440917107583774	0.000182565038795071
B*78:03	0	0	9.12825193975354e-05
B*78:04	0	0	0
B*78:05	0	0	0
B*78:06	0	0	0
B*81:01	0.000143636885952313	0.0147707231040564	0.000547695116385212
B*81:02	0	0	9.12825193975354e-05
B*81:03	0	0	0
B*81:04N	0	0	0
B*82:01	0	0.0017636684303351	0
B*82:02	0	0	0
B*83:01	0	0.000220458553791887	0
C*01:02	0.0345864661654135	0.0191256830601093	0.15195530726257
C*01:03	0.00012531328320802	0.000546448087431694	0.00248292985723153
C*01:04	0	0	0.000124146492861577
C*01:05	0	0	0
C*01:06	0	0	0.000248292985723153
C*01:07	0	0	0
C*01:08	0	0	0
C*01:09	0	0	0
C*01:10	0	0	0
C*01:11	0	0	0.000124146492861577
C*01:12	0	0	0
C*01:13	0	0	0
C*01:14	0	0	0
C*01:15	0	0	0
C*01:16	0	0	0.000124146492861577
C*01:17	0	0	0.000124146492861577
C*01:18	0	0	0
C*01:19	0	0	0
C*01:20	0	0	0
C*01:21	0	0	0
C*01:22	0	0	0
C*01:27	0	0	0
C*01:30	0	0	0
C*01:32	0	0	0
C*01:44	0	0	0.000248292985723153
C*01:51	0	0	0
C*01:52	0	0	0
C*01:54	0	0	0
C*01:57	0	0.000273224043715847	0
C*02:02	0.0483709273182957	0.0530054644808743	0.00322780881440099
C*02:03	0	0	0.000248292985723153
C*02:04	0	0	0
C*02:05	0.00012531328320802	0.000273224043715847	0
C*02:06	0	0	0
C*02:07	0	0	0
C*02:08	0	0	0
C*02:09	0	0	0
C*02:10	0.00037593984962406	0.0169398907103825	0
C*02:105N	0	0	0
C*02:11	0	0	0
C*02:12	0	0	0
C*02:13	0	0	0
C*02:14	0	0	0
C*02:15	0	0	0
C*02:16	0	0	0
C*02:17	0	0	0
C*02:18	0	0	0
C*02:19	0	0	0
C*02:20	0	0	0
C*02:21	0	0	0
C*02:22	0	0	0
C*02:23	0	0	0
C*02:26	0	0	0
C*02:27	0	0	0
C*02:28	0	0	0
C*02:34	0	0	0
C*02:75	0	0	0
C*03:02	0.00639097744360902	0.0103825136612022	0.0585971446306642
C*03:03	0.0518796992481203	0.019672131147541	0.0660459342023588
C*03:04	0.0451127819548872	0.0734972677595628	0.0897579143389199
C*03:05	0.00087719298245614	0.016120218579235	0.000248292985723153
C*03:06	0.00087719298245614	0.00382513661202186	0.000620732464307883
C*03:07	0	0.000273224043715847	0
C*03:08	0	0	0
C*03:09	0.00075187969924812	0	0.00037243947858473
C*03:10	0	0	0
C*03:11	0	0	0
C*03:13	0	0	0.000248292985723153
C*03:135	0	0	0
C*03:14	0	0	0
C*03:146	0	0	0
C*03:15	0	0	0.00037243947858473
C*03:16	0.00012531328320802	0	0.000993171942892613
C*03:17	0	0	0.000124146492861577
C*03:18	0	0	0
C*03:19	0.00075187969924812	0.000273224043715847	0.000124146492861577
C*03:20N	0	0	0
C*03:21	0	0	0
C*03:22Q	0	0	0
C*03:23	0.00075187969924812	0	0
C*03:24	0.00075187969924812	0	0
C*03:25	0.00012531328320802	0	0
C*03:26	0.00075187969924812	0	0
C*03:27	0.00012531328320802	0	0
C*03:28	0	0	0
C*03:29	0	0	0
C*03:293	0	0	0
C*03:297	0	0	0
C*03:30	0	0	0
C*03:31	0	0	0
C*03:32	0	0	0
C*03:33	0	0	0
C*03:34	0	0	0
C*03:35	0	0	0
C*03:36	0	0	0
C*03:37	0	0	0
C*03:38	0	0	0.000124146492861577
C*03:39	0	0	0
C*03:40	0	0	0
C*03:41	0	0	0
C*03:42	0	0	0
C*03:43	0	0	0
C*03:44	0	0	0
C*03:45	0	0	0
C*03:46	0	0	0
C*03:47	0	0	0
C*03:48	0	0	0
C*03:49	0	0	0
C*03:50	0	0	0
C*03:53	0	0	0
C*03:54	0	0	0
C*03:56	0	0	0
C*03:57	0	0	0
C*03:60	0	0	0
C*03:64	0	0	0
C*03:67	0	0	0
C*03:69	0	0	0
C*03:78	0	0	0
C*03:81	0	0	0
C*03:82	0	0	0
C*03:86	0	0	0
C*03:88	0	0	0
C*03:94	0	0	0
C*04:01	0.130075187969925	0.166120218579235	0.064804469273743
C*04:03	0.00037593984962406	0.000819672131147541	0.0209807572936065
C*04:04	0	0.00136612021857923	0.00074487895716946
C*04:05	0	0	0
C*04:06	0	0	0.000869025450031037
C*04:07	0.00012531328320802	0.00218579234972678	0.000993171942892613
C*04:08	0.00012531328320802	0	0
C*04:09N	0.00025062656641604	0	0
C*04:10	0	0	0.000496585971446307
C*04:107	0	0	0
C*04:11	0	0	0
C*04:12	0	0	0
C*04:13	0	0	0
C*04:14	0	0	0
C*04:142	0	0	0
C*04:146	0	0	0
C*04:15	0	0	0
C*04:16	0	0	0.000124146492861577
C*04:17	0	0	0
C*04:18	0	0	0
C*04:19	0	0	0
C*04:20	0	0	0
C*04:226	0	0	0
C*04:23	0	0	0
C*04:24	0	0	0
C*04:25	0	0	0
C*04:26	0	0	0
C*04:27	0	0	0
C*04:28	0	0	0
C*04:29	0	0	0
C*04:30	0	0	0
C*04:31	0	0	0
C*04:32	0	0	0
C*04:33	0	0	0
C*04:34	0	0	0
C*04:35	0	0	0
C*04:36	0	0	0
C*04:37	0	0	0
C*04:43	0	0	0
C*04:46	0	0	0
C*04:49	0	0	0
C*04:52	0	0	0
C*04:54	0	0	0
C*04:55	0	0	0
C*04:58	0	0	0
C*04:63	0	0	0
C*04:77	0	0	0
C*04:78	0	0	0
C*04:82	0	0	0
C*05:01	0.068421052631579	0.0248633879781421	0.00558659217877095
C*05:03	0	0	0
C*05:04	0	0	0.000124146492861577
C*05:05	0	0	0
C*05:06	0	0	0
C*05:07N	0	0	0
C*05:08	0	0	0
C*05:09	0	0.000273224043715847	0.000620732464307883
C*05:10	0	0	0
C*05:11	0	0	0
C*05:12	0	0	0
C*05:13	0	0	0
C*05:14	0	0	0
C*05:15	0	0	0
C*05:16	0	0	0
C*05:17	0	0	0
C*05:18	0	0	0
C*05:19	0	0	0
C*05:20	0	0	0
C*05:21	0	0	0
C*05:22	0	0	0
C*05:23	0	0	0
C*05:27	0	0	0
C*05:29	0	0	0
C*05:32	0	0	0
C*05:34	0	0	0
C*05:36	0	0	0
C*05:38	0	0	0
C*05:39	0	0	0
C*05:42	0	0	0
C*05:47	0	0	0
C*05:65	0	0	0
C*06:02	0.105513784461153	0.0748633879781421	0.0466790813159528
C*06:03	0	0	0.000496585971446307
C*06:04	0.00012531328320802	0.000546448087431694	0
C*06:05	0	0	0
C*06:06	0	0.000273224043715847	0.000620732464307883
C*06:07	0	0	0
C*06:08	0	0.000273224043715847	0
C*06:09	0	0.000273224043715847	0
C*06:10	0	0	0
C*06:11	0.00012531328320802	0	0
C*06:112	0	0	0
C*06:12	0	0	0
C*06:13	0	0	0
C*06:138	0	0	0
C*06:14	0	0	0
C*06:15	0	0	0
C*06:16N	0	0	0
C*06:17	0	0	0
C*06:18	0	0	0
C*06:19	0	0	0
C*06:20	0	0	0
C*06:23	0	0	0
C*06:24	0	0	0
C*06:27	0	0	0
C*06:28	0	0	0
C*06:30	0	0	0
C*06:32	0	0	0
C*06:38	0	0	0
C*06:39	0	0	0
C*06:43	0	0	0
C*06:47	0	0	0
C*06:50	0	0	0
C*06:53	0	0	0
C*06:57	0	0	0
C*06:73	0	0	0
C*06:89	0	0	0
C*07:01	0.141228070175439	0.101639344262295	0.0198634388578523
C*07:02	0.104761904761905	0.100546448087432	0.164121663563004
C*07:03	0.00050125313283208	0	0.00260707635009311
C*07:04	0.0146616541353383	0.00655737704918033	0.0116697703289882
C*07:05	0.00012531328320802	0.000273224043715847	0.000496585971446307
C*07:06	0.0006265664160401	0.00300546448087432	0.00434512725015518
C*07:07	0.0006265664160401	0.000273224043715847	0.000248292985723153
C*07:08	0	0.000546448087431694	0.000869025450031037
C*07:09	0	0	0
C*07:10	0.00025062656641604	0	0.000248292985723153
C*07:100	0	0	0
C*07:101	0	0	0
C*07:102	0	0	0
C*07:103	0	0	0
C*07:104N	0	0	0
C*07:105	0	0	0
C*07:106	0	0	0
C*07:107	0	0	0
C*07:108	0	0	0
C*07:109	0	0	0
C*07:11	0	0.000273224043715847	0
C*07:112	0	0	0
C*07:12	0	0.000273224043715847	0
C*07:123	0	0	0
C*07:126	0	0	0
C*07:13	0	0	0.000124146492861577
C*07:130	0	0	0
C*07:133	0	0	0
C*07:137	0	0	0
C*07:14	0	0.000546448087431694	0.000248292985723153
C*07:140	0	0	0
C*07:141	0	0	0
C*07:147	0	0	0
C*07:15	0	0	0
C*07:150Q	0	0	0
C*07:151	0	0	0
C*07:152N	0	0	0
C*07:154	0	0	0
C*07:155	0	0	0
C*07:156	0	0	0
C*07:157	0	0	0
C*07:158	0	0	0
C*07:16	0	0	0
C*07:161	0	0	0
C*07:162	0	0	0
C*07:163	0	0	0
C*07:164N	0	0	0
C*07:165	0	0	0
C*07:168	0	0	0
C*07:169	0	0	0
C*07:17	0	0.000273224043715847	0.00186219739292365
C*07:170	0	0	0
C*07:171	0	0	0
C*07:172	0	0	0
C*07:173	0	0	0
C*07:174	0	0	0
C*07:175	0	0	0
C*07:176	0	0	0
C*07:177	0	0	0
C*07:178	0	0	0
C*07:179	0	0	0
C*07:18	0.00150375939849624	0.00355191256830601	0
C*07:187	0	0	0
C*07:188	0	0	0
C*07:19	0	0	0.000248292985723153
C*07:20	0	0	0
C*07:21	0	0	0
C*07:22	0.00012531328320802	0	0
C*07:23	0	0	0
C*07:24	0	0	0
C*07:248	0	0	0
C*07:25	0	0	0
C*07:26	0	0	0.000496585971446307
C*07:27	0	0	0.000496585971446307
C*07:270	0	0	0
C*07:28	0	0	0
C*07:287	0	0	0
C*07:29	0	0	0.000124146492861577
C*07:30	0	0	0
C*07:31	0	0	0
C*07:314	0	0	0.000124146492861577
C*07:32N	0	0	0
C*07:33N	0	0	0
C*07:35	0	0	0
C*07:36	0	0	0
C*07:37	0	0	0
C*07:38	0	0	0
C*07:39	0	0	0
C*07:40	0	0	0
C*07:41	0	0	0
C*07:42	0	0	0
C*07:43	0	0	0.000124146492861577
C*07:44	0	0	0
C*07:45	0	0	0
C*07:46	0	0	0
C*07:47	0	0	0
C*07:48	0	0	0.000124146492861577
C*07:49	0	0	0
C*07:50	0	0	0
C*07:51	0	0	0
C*07:52	0	0	0
C*07:53	0	0	0
C*07:54	0	0	0
C*07:55N	0	0	0
C*07:56	0	0	0.000124146492861577
C*07:57	0	0	0
C*07:58	0	0	0
C*07:59	0	0	0
C*07:60	0	0	0
C*07:61N	0	0	0
C*07:62	0	0	0
C*07:63	0	0	0
C*07:64	0	0	0
C*07:65	0	0	0
C*07:66	0	0	0
C*07:67	0	0	0
C*07:68	0	0	0
C*07:70	0	0	0
C*07:71	0	0	0
C*07:72	0	0	0
C*07:75	0	0	0
C*07:76	0	0	0
C*07:80	0	0	0
C*07:85	0	0	0
C*07:89	0	0	0
C*07:92	0	0	0
C*07:93	0	0	0
C*07:95	0	0	0
C*07:99	0	0	0
C*08:01	0.00350877192982456	0.0489071038251366	0.0985723153320919
C*08:02	0.0382205513784461	0.0437158469945355	0.00285536933581626
C*08:03	0.00112781954887218	0.0087431693989071	0.0058348851644941
C*08:04	0.00012531328320802	0.00655737704918033	0.000124146492861577
C*08:05	0	0	0.000124146492861577
C*08:06	0	0.000273224043715847	0.000620732464307883
C*08:07	0	0	0
C*08:08	0	0	0
C*08:09	0	0	0
C*08:10	0	0	0
C*08:11	0	0	0
C*08:12	0	0	0
C*08:13	0	0.000273224043715847	0
C*08:137	0	0	0
C*08:14	0	0	0
C*08:15	0	0	0
C*08:16	0	0	0
C*08:17	0	0	0
C*08:18	0	0	0
C*08:19	0	0	0
C*08:20	0	0	0
C*08:21	0	0	0.000124146492861577
C*08:23	0	0	0
C*08:27	0	0	0
C*08:28	0	0	0
C*08:29	0	0	0
C*08:30	0	0	0
C*08:35	0	0	0
C*08:38	0	0	0
C*08:41	0	0	0
C*08:42	0	0	0
C*08:43	0	0	0
C*08:92	0.00012531328320802	0	0
C*12:02	0.0146616541353383	0.00710382513661202	0.0489137181874612
C*12:03	0.0646616541353384	0.0199453551912568	0.0134078212290503
C*12:04	0.00025062656641604	0.000273224043715847	0.000124146492861577
C*12:05	0	0	0
C*12:06	0	0	0
C*12:07	0	0	0
C*12:08	0	0	0
C*12:09	0	0	0
C*12:10	0	0	0
C*12:11	0	0	0
C*12:12	0	0	0
C*12:13	0	0	0
C*12:14	0	0	0
C*12:15	0	0	0
C*12:16	0	0	0
C*12:17	0	0	0
C*12:18	0	0	0
C*12:19	0	0	0
C*12:20	0	0	0
C*12:21	0	0	0
C*12:24	0	0	0
C*12:27	0	0	0
C*12:34	0	0	0
C*12:51	0	0	0
C*12:98	0	0	0
C*14:02	0.0182957393483709	0.00983606557377049	0.0371198013656114
C*14:03	0.00075187969924812	0.00191256830601093	0.0203600248292986
C*14:04	0.00012531328320802	0	0.000248292985723153
C*14:05	0	0	0
C*14:06	0	0	0
C*14:07N	0.00037593984962406	0	0
C*14:08	0.00037593984962406	0	0
C*14:09	0	0	0
C*14:10	0	0	0
C*14:11	0	0	0
C*14:12	0	0	0
C*14:55	0	0	0
C*15:02	0.0333333333333333	0.0226775956284153	0.0279329608938547
C*15:03	0	0	0.00037243947858473
C*15:04	0.0006265664160401	0.000819672131147541	0.00074487895716946
C*15:05	0.00338345864661654	0.00765027322404372	0.00546244568590937
C*15:06	0.0012531328320802	0	0
C*15:07	0	0.000546448087431694	0.0021104903786468
C*15:08	0	0	0.00074487895716946
C*15:09	0.00025062656641604	0.00218579234972678	0
C*15:10	0.00112781954887218	0	0
C*15:11	0	0	0
C*15:12	0	0	0
C*15:13	0	0	0.000248292985723153
C*15:15	0	0	0
C*15:16	0	0	0
C*15:17	0	0	0
C*15:18	0	0	0
C*15:19	0	0	0
C*15:21	0	0	0
C*15:22	0	0	0
C*15:23	0	0	0
C*15:24	0	0	0
C*15:26	0	0	0
C*15:27	0	0	0
C*15:28	0	0	0
C*15:29	0.00012531328320802	0	0
C*15:36	0	0	0
C*15:39	0	0	0
C*15:45	0	0	0
C*15:48	0	0	0
C*15:50	0	0	0
C*15:64	0	0	0
C*16:01	0.0335839598997494	0.0431693989071038	0.0016139044072005
C*16:02	0.0106516290726817	0.00355191256830601	0.0021104903786468
C*16:04	0.00112781954887218	0.000546448087431694	0.000248292985723153
C*16:06	0	0	0
C*16:07	0	0	0
C*16:08	0	0.000273224043715847	0
C*16:09	0	0	0
C*16:10	0	0	0
C*16:11	0	0	0
C*16:12	0	0	0
C*16:16Q	0	0	0
C*16:19	0	0	0
C*16:21	0	0	0
C*16:22	0	0	0
C*16:26	0	0	0
C*16:27	0	0	0
C*16:35	0	0	0
C*17:01	0.00827067669172932	0.0450819672131148	0.000993171942892613
C*17:02	0	0.000273224043715847	0
C*17:03	0.0012531328320802	0.000546448087431694	0
C*17:04	0	0.000273224043715847	0
C*17:05	0	0	0
C*18:01	0	0.0172131147540984	0.00074487895716946
C*18:02	0	0.00382513661202186	0
C*18:03	0	0	0
DPA1*01:03	0.877906976744186	0.706060606060606	0.471264367816092
DPA1*01:04	0.00581395348837209	0.0121212121212121	0.00574712643678161
DPA1*01:11	0	0	0
DPA1*01:12	0	0.00303030303030303	0
DPA1*02:01	0.0377906976744186	0.115151515151515	0.511494252873563
DPA1*02:02	0.0726744186046512	0.0757575757575758	0.0114942528735632
DPA1*02:06	0	0	0
DPA1*02:07	0	0	0
DPA1*02:10	0	0	0
DPA1*03:01	0.00290697674418605	0.0727272727272727	0
DPA1*03:02	0	0	0
DPA1*04:01	0.00290697674418605	0.0151515151515152	0
DPB1*01:01	0.0367508874504072	0.090017825311943	0.00365686423891513
DPB1*02:01	0.156191271664231	0.0802139037433155	0.158464117019656
DPB1*02:02	0.00396742534975987	0.00267379679144385	0.0496724059119305
DPB1*03:01	0.110670286072249	0.0418894830659537	0.0291025445680329
DPB1*04:01	0.409897682188348	0.111408199643494	0.085326832241353
DPB1*04:02	0.138651075381082	0.367201426024955	0.0787749504799634
DPB1*05:01	0.0208811860513677	0.0142602495543672	0.388541825384733
DPB1*06:01	0.0102317811651702	0.0017825311942959	0.00274264817918635
DPB1*08:01	0.00187930674462309	0	0.000914216059728783
DPB1*09:01	0.00939653372311547	0.00445632798573975	0.0441871095535578
DPB1*100:01	0	0	0.000304738686576261
DPB1*104:01	0	0	0.00015236934328813
DPB1*105:01	0	0.0089126559714795	0.00015236934328813
DPB1*106:01	0.000208811860513677	0.0017825311942959	0
DPB1*107:01	0	0	0.00121895474630504
DPB1*108:01	0	0	0
DPB1*10:01	0.0139903946544164	0.00445632798573975	0.00182843211945757
DPB1*110:01	0.000208811860513677	0	0
DPB1*111:01	0	0	0.00015236934328813
DPB1*113:01	0	0	0
DPB1*11:01	0.0106494048861975	0.0151515151515152	0.00015236934328813
DPB1*123:01	0	0	0
DPB1*126:01	0	0	0
DPB1*129:01	0	0	0
DPB1*131:01	0	0.0017825311942959	0
DPB1*135:01	0	0	0
DPB1*13:01	0.0187930674462309	0.0427807486631016	0.060795367971964
DPB1*144:01	0	0	0
DPB1*147:01	0	0	0
DPB1*14:01	0.0156608895385258	0.0944741532976827	0.0306262380009142
DPB1*158:01	0	0	0
DPB1*15:01	0.00522029651284193	0.0071301247771836	0.000914216059728783
DPB1*164:01	0	0	0
DPB1*16:01	0.00334098976821883	0.00445632798573975	0.00167606277616943
DPB1*17:01	0.0154520776780121	0.0231729055258467	0.0114277007466098
DPB1*188:01	0	0.00089126559714795	0
DPB1*18:01	0.000417623721027354	0.0347593582887701	0.000457108029864391
DPB1*196:01	0	0	0
DPB1*19:01	0.00480267279181457	0.0035650623885918	0.0050281883285083
DPB1*202:01	0	0	0
DPB1*20:01	0.0027145541866778	0	0
DPB1*210:01	0	0	0
DPB1*21:01	0	0	0.00990400731372848
DPB1*22:01	0	0	0.00106658540301691
DPB1*23:01	0.00396742534975987	0.00445632798573975	0.00106658540301691
DPB1*24:01	0	0	0.000304738686576261
DPB1*25:01	0.000208811860513677	0	0.00015236934328813
DPB1*26:01	0.000835247442054709	0	0.00243790949261009
DPB1*271:01	0	0	0
DPB1*27:01	0	0.00980392156862745	0.000304738686576261
DPB1*28:01	0.000626435581541032	0.00089126559714795	0.0114277007466098
DPB1*294:01	0	0	0
DPB1*296:01	0	0	0
DPB1*29:01	0	0.00089126559714795	0.000609477373152522
DPB1*30:01	0.000417623721027354	0.00089126559714795	0
DPB1*31:01	0	0	0.0015236934328813
DPB1*32:01	0.000626435581541032	0	0
DPB1*33:01	0.000208811860513677	0	0.00121895474630504
DPB1*34:01	0.000208811860513677	0.00267379679144385	0
DPB1*350:01	0	0	0
DPB1*351:01	0	0	0
DPB1*35:01	0.000626435581541032	0.00267379679144385	0
DPB1*36:01	0.000208811860513677	0	0.00121895474630504
DPB1*37:01	0	0	0.000457108029864391
DPB1*38:01	0	0	0.000914216059728783
DPB1*39:01	0.000417623721027354	0.00623885918003565	0
DPB1*40:01	0	0.0071301247771836	0
DPB1*414:01	0	0	0
DPB1*417:01	0	0	0
DPB1*41:01	0.000208811860513677	0	0.00121895474630504
DPB1*44:01	0	0	0
DPB1*45:01	0	0	0.000457108029864391
DPB1*46:01	0.000208811860513677	0	0.00015236934328813
DPB1*47:01	0	0	0.00015236934328813
DPB1*48:01	0	0	0.0015236934328813
DPB1*49:01	0.000208811860513677	0.00089126559714795	0.000304738686576261
DPB1*508:01	0	0	0
DPB1*50:01	0.000208811860513677	0	0.000304738686576261
DPB1*51:01	0.000208811860513677	0	0.00167606277616943
DPB1*52:01	0.000208811860513677	0	0
DPB1*535:01	0	0	0
DPB1*53:01	0	0	0
DPB1*54:01	0	0	0
DPB1*558:01	0	0.00089126559714795	0
DPB1*55:01	0	0.0017825311942959	0
DPB1*56:01	0	0	0.000457108029864391
DPB1*57:01	0	0	0
DPB1*581:01	0	0	0
DPB1*584:01	0	0	0
DPB1*58:01	0	0	0
DPB1*59:01	0	0	0.00015236934328813
DPB1*60:01	0	0	0
DPB1*61:01N	0	0	0
DPB1*620:01	0	0	0
DPB1*62:01	0	0	0.00015236934328813
DPB1*63:01	0	0	0.00137132408959317
DPB1*64:01N	0	0	0
DPB1*651:01	0	0	0
DPB1*65:01	0.000208811860513677	0	0
DPB1*665:01	0	0.0035650623885918	0
DPB1*66:01	0	0	0
DPB1*67:01	0	0	0
DPB1*68:01	0	0	0.000304738686576261
DPB1*69:01	0	0	0.00015236934328813
DPB1*700:01N	0	0	0
DPB1*70:01	0	0	0.00015236934328813
DPB1*71:01	0	0	0
DPB1*72:01	0	0	0.000304738686576261
DPB1*73:01	0	0	0.00015236934328813
DPB1*744:01	0	0	0
DPB1*74:01	0	0	0
DPB1*75:01	0	0	0.00015236934328813
DPB1*76:01	0	0	0
DPB1*77:01	0	0	0
DPB1*78:01	0	0	0
DPB1*79:01	0	0	0
DPB1*80:01	0	0	0.00137132408959317
DPB1*81:01	0.000208811860513677	0	0.00015236934328813
DPB1*82:01	0	0	0
DPB1*834:01	0	0	0
DPB1*83:01	0	0	0
DPB1*84:01	0	0	0.00015236934328813
DPB1*85:01	0	0	0
DPB1*86:01	0	0	0
DPB1*87:01	0	0	0
DPB1*88:01	0	0	0
DPB1*89:01	0	0	0
DPB1*90:01	0	0	0
DPB1*91:01	0	0	0
DPB1*92:01	0	0	0
DPB1*93:01	0	0	0.000304738686576261
DPB1*94:01	0	0	0
DPB1*95:01	0	0	0
DPB1*96:01	0	0	0
DPB1*97:01	0	0	0
DPB1*98:01	0	0	0
DPB1*99:01	0	0	0
DQA1*01:01	0.136126393003244	0.04375	0.10161352285824
DQA1*01:02	0.178586542530681	0.0977272727272727	0.139646561659624
DQA1*01:03	0.079136690647482	0.0221590909090909	0.148482520169036
DQA1*01:04	0.0186203977994075	0.00113636363636364	0.0430272762197464
DQA1*01:05	0.00211595429538722	0.00625	0.00384172109104879
DQA1*01:06	0	0	0
DQA1*01:07	0	0	0
DQA1*01:09	0	0	0
DQA1*02:01	0.123994921709691	0.0386363636363636	0.111601997694967
DQA1*03:01	0.0928198617576527	0.0352272727272727	0.198809066461775
DQA1*03:02	0.0150938073070955	0.00568181818181818	0.0259316173645793
DQA1*03:03	0.00973338975878121	0.0142045454545455	0.0274683058009988
DQA1*04:01	0.045422485540979	0.203409090909091	0.0203611217825586
DQA1*04:02	0.000141063619692481	0.00113636363636364	0.00192086054552439
DQA1*04:03N	0	0	0
DQA1*04:04	0	0	0
DQA1*05:01	0.227535618563972	0.515909090909091	0.111409911640415
DQA1*05:02	0.000141063619692481	0.00454545454545455	0.00307337687283903
DQA1*05:03	0.00169276343630978	0.00113636363636364	0.00557049558202074
DQA1*05:04	0	0	0
DQA1*05:05	0.0636196924813091	0.00511363636363636	0.0153668843641952
DQA1*05:06	0	0	0
DQA1*05:07	0	0	0.000576258163657318
DQA1*05:08	0	0	0.000768344218209758
DQA1*05:09	0	0	0
DQA1*05:11	0	0	0
DQA1*06:01	0.00507829030892933	0.00397727272727273	0.0403380714560123
DQA1*06:02	0.000141063619692481	0	0.00019208605455244
DQB1*02:01	0.120042176981101	0.0321998194402648	0.100778112449799
DQB1*02:02	0.0560467191175278	0.0177550406259404	0.0150602409638554
DQB1*02:03	0.000567767053288993	0.000300932891965092	0.000251004016064257
DQB1*02:04	0	0	0.000125502008032129
DQB1*02:05	0	0	0
DQB1*02:06	0	0	0
DQB1*02:07	0	0	0
DQB1*02:30	0	0	0
DQB1*02:48	0	0	0
DQB1*02:85	0	0	0
DQB1*03:01	0.269608240733231	0.405055672585014	0.171059236947791
DQB1*03:02	0.0815962365155325	0.214264219079145	0.0744226907630522
DQB1*03:03	0.0412036661529727	0.0577791152572976	0.109312248995984
DQB1*03:04	0.00235217779219726	0	0.00112951807228916
DQB1*03:05	0.0010544245275367	0.000300932891965092	0.00225903614457831
DQB1*03:06	0	0	0.000125502008032129
DQB1*03:07	0	0	0.000376506024096386
DQB1*03:08	0	0	0
DQB1*03:09	0	0	0
DQB1*03:10	0	0	0.000376506024096386
DQB1*03:104	0	0	0
DQB1*03:105	0	0	0
DQB1*03:108	0	0	0
DQB1*03:109	0	0	0
DQB1*03:11	8.11095790412848e-05	0	0
DQB1*03:113	0	0	0
DQB1*03:114	0	0	0
DQB1*03:118N	0	0	0
DQB1*03:119	0	0	0
DQB1*03:12	0	0	0
DQB1*03:120	0	0	0
DQB1*03:121	0	0	0
DQB1*03:129	0	0	0
DQB1*03:13	0	0	0.000125502008032129
DQB1*03:131	0	0	0
DQB1*03:132	0	0	0
DQB1*03:133	0	0	0
DQB1*03:134	0	0	0
DQB1*03:135	0	0	0
DQB1*03:138	0	0	0
DQB1*03:139	0	0	0
DQB1*03:14	0	0	0.000125502008032129
DQB1*03:142	0	0	0
DQB1*03:147	0	0	0
DQB1*03:15	0	0.000601865783930184	0
DQB1*03:154	0	0	0
DQB1*03:157	0	0	0
DQB1*03:158	0	0	0
DQB1*03:16	0	0.000300932891965092	0
DQB1*03:163	0	0	0
DQB1*03:166	0	0	0
DQB1*03:167	0	0	0
DQB1*03:17	0	0	0
DQB1*03:172	0	0	0
DQB1*03:18	0	0	0
DQB1*03:180	0	0	0
DQB1*03:184	0	0	0
DQB1*03:185	0	0	0
DQB1*03:186	0	0	0
DQB1*03:188	0	0	0
DQB1*03:19	0.000648876632330278	0.000300932891965092	0.000125502008032129
DQB1*03:194	0	0	0
DQB1*03:195	0	0	0
DQB1*03:197Q	0	0	0
DQB1*03:20	0	0	0
DQB1*03:201	0	0	0
DQB1*03:207	0	0	0
DQB1*03:208	0	0	0
DQB1*03:21	0	0	0
DQB1*03:22	0	0.000300932891965092	0
DQB1*03:23	0	0	0
DQB1*03:231	0	0	0
DQB1*03:232	0	0	0
DQB1*03:235	0	0	0
DQB1*03:241	0	0	0
DQB1*03:242	0	0	0
DQB1*03:25	0	0	0
DQB1*03:251	0	0	0
DQB1*03:254	0	0	0
DQB1*03:264	0	0	0
DQB1*03:265	0	0	0
DQB1*03:27	0	0	0
DQB1*03:28	0	0	0
DQB1*03:29	0	0	0
DQB1*03:30	0	0	0
DQB1*03:31	0	0	0
DQB1*03:47	0	0	0
DQB1*03:52	0	0	0
DQB1*03:62	0	0	0
DQB1*03:68	0	0	0
DQB1*03:69	0	0	0
DQB1*03:72	0	0	0
DQB1*03:75	0	0	0
DQB1*03:82	0	0	0
DQB1*03:87	0	0	0
DQB1*03:96	0	0	0
DQB1*03:99Q	0	0	0
DQB1*04:01	0.00275772568740368	0	0.0676455823293173
DQB1*04:02	0.0320382837213075	0.118266626542281	0.0267319277108434
DQB1*04:03	0	0	0
DQB1*04:04	0.00016221915808257	0	0
DQB1*04:08	0	0	0
DQB1*04:09	0	0	0
DQB1*04:22	0	0	0
DQB1*04:23	0	0	0
DQB1*04:34	0	0	0
DQB1*04:36N	0	0	0
DQB1*05:01	0.103495822856679	0.0475473969304845	0.0783132530120482
DQB1*05:02	0.0469624462649039	0.0072223894071622	0.0461847389558233
DQB1*05:03	0.0368237488847433	0.00752332229912729	0.0443022088353414
DQB1*05:04	0.0021088490550734	0	0.00301204819277108
DQB1*05:05	0	0	0
DQB1*05:08	0	0	0
DQB1*05:10	0	0	0.000125502008032129
DQB1*05:11	0	0	0
DQB1*05:23	0	0	0
DQB1*05:24	0	0	0
DQB1*05:28	0	0	0
DQB1*05:35	0	0	0
DQB1*05:37	0	0	0
DQB1*05:42	0	0	0
DQB1*05:46	0	0	0
DQB1*05:83	0	0	0
DQB1*06:01	0.0115986698029037	0.00331026181161601	0.133659638554217
DQB1*06:02	0.0937626733717252	0.0514595245260307	0.058609437751004
DQB1*06:03	0.06123773217617	0.0153475774902197	0.0203313253012048
DQB1*06:04	0.0283072430854084	0.0108335841107433	0.0278614457831325
DQB1*06:05	0.00137886284370184	0	0.00451807228915663
DQB1*06:06	0.000243328737123854	0.000300932891965092	0.00100401606425703
DQB1*06:07	0.000324438316165139	0	0.000251004016064257
DQB1*06:08	8.11095790412848e-05	0.000601865783930184	0.000125502008032129
DQB1*06:09	0.00527212263768351	0.00601865783930184	0.00953815261044177
DQB1*06:10	0	0	0.00100401606425703
DQB1*06:11	0.00016221915808257	0.00120373156786037	0.000125502008032129
DQB1*06:110	0	0	0.000251004016064257
DQB1*06:12	0	0	0
DQB1*06:13	0	0	0
DQB1*06:14	8.11095790412848e-05	0	0.000125502008032129
DQB1*06:140	0	0	0
DQB1*06:15	0	0.000300932891965092	0
DQB1*06:16	0	0	0
DQB1*06:17	0	0	0.000251004016064257
DQB1*06:18	0	0	0
DQB1*06:19	0	0	0.000251004016064257
DQB1*06:20	0	0	0.000125502008032129
DQB1*06:21	0	0	0
DQB1*06:214	0	0	0
DQB1*06:22	0	0	0
DQB1*06:23	0	0	0
DQB1*06:24	0	0	0
DQB1*06:25	0	0	0
DQB1*06:26N	0	0	0
DQB1*06:27	0	0.000902798675895275	0
DQB1*06:28	0	0	0
DQB1*06:29	0	0	0
DQB1*06:30	0	0	0
DQB1*06:31	0	0	0
DQB1*06:32	0	0	0
DQB1*06:33	0	0	0
DQB1*06:34	0	0	0
DQB1*06:39	0	0	0
DQB1*06:48	0	0	0
DRB1*01:01	0.0761349750916439	0.0244000806614237	0.0383920505871725
DRB1*01:02	0.0165429081680609	0.0225851986287558	0.0004516711833785
DRB1*01:03	0.00751950371275496	0.00403307118370639	0.0004516711833785
DRB1*01:04	0.000187987592818874	0	7.52785305630834e-05
DRB1*01:05	0	0	0
DRB1*01:06	9.3993796409437e-05	0	0
DRB1*01:07	0	0	0
DRB1*01:08	0	0	7.52785305630834e-05
DRB1*01:09	0	0	0
DRB1*01:10	0	0	0
DRB1*01:11	0	0	0
DRB1*01:12	0	0	0
DRB1*01:13	0	0	0
DRB1*01:14	0	0	0
DRB1*01:15	0	0	0
DRB1*01:16	0	0	0
DRB1*01:17	0	0	0
DRB1*01:18	0	0	0
DRB1*01:19	0	0	0
DRB1*01:20	0	0	0
DRB1*01:22	0	0	0
DRB1*01:23	0	0	0
DRB1*01:26	0	0	0
DRB1*01:30	0	0	0
DRB1*01:31	0	0	0
DRB1*01:34	0	0	0
DRB1*01:36	0	0	0
DRB1*03:01	0.0766989378701006	0.0635208711433757	0.0465974104185486
DRB1*03:02	0.00112792555691324	0.0254083484573503	0.0004516711833785
DRB1*03:03	9.3993796409437e-05	0	0.00022583559168925
DRB1*03:04	0.000375975185637748	0.00181488203266788	7.52785305630834e-05
DRB1*03:05	0.000187987592818874	0	0.000150557061126167
DRB1*03:06	9.3993796409437e-05	0	7.52785305630834e-05
DRB1*03:07	0	0.00020165355918532	0.000150557061126167
DRB1*03:08	9.3993796409437e-05	0	0
DRB1*03:09	0	0	0
DRB1*03:10	0	0	0
DRB1*03:11	0	0	7.52785305630834e-05
DRB1*03:12	0	0	7.52785305630834e-05
DRB1*03:13	0	0	0
DRB1*03:14	0	0	0
DRB1*03:15	9.3993796409437e-05	0	7.52785305630834e-05
DRB1*03:16	0	0	7.52785305630834e-05
DRB1*03:17	9.3993796409437e-05	0.00020165355918532	7.52785305630834e-05
DRB1*03:18	0	0.00020165355918532	0
DRB1*03:19	0	0	7.52785305630834e-05
DRB1*03:20	0	0	7.52785305630834e-05
DRB1*03:21	0	0	0
DRB1*03:22	0	0	0
DRB1*03:23	0	0	0
DRB1*03:24	0	0	0
DRB1*03:25	0	0	0
DRB1*03:26	0	0	0
DRB1*03:27	0	0	0
DRB1*03:28	0	0	0
DRB1*03:29	0	0	0
DRB1*03:30	0	0	0
DRB1*03:31	0	0	0
DRB1*03:32	0	0	0
DRB1*03:33	0	0	7.52785305630834e-05
DRB1*03:34	0	0	0
DRB1*03:35	0	0	0
DRB1*03:36	0	0	0
DRB1*03:37	0	0	0
DRB1*03:38	0	0	0
DRB1*03:39	0	0	0
DRB1*03:40	0	0	0
DRB1*03:41	0	0	0
DRB1*03:43	0	0	0
DRB1*03:44	0	0	0
DRB1*03:45	0	0	0
DRB1*03:48	0	0	0
DRB1*03:49	0	0	0
DRB1*03:50	0	0	0
DRB1*03:51	0	0	0
DRB1*03:52	0	0	0
DRB1*03:57	0	0	0
DRB1*03:58	0	0	0
DRB1*03:60	0	0	0
DRB1*03:64	0	0	0
DRB1*03:65	0	0	0
DRB1*03:67N	0	0	0
DRB1*03:73	0	0	0
DRB1*03:84	0	0	0
DRB1*04:01	0.0584641413666698	0.0163339382940109	0.00797952423968684
DRB1*04:02	0.00874142306607764	0.00705787457148619	0.00210779885576634
DRB1*04:03	0.0153209888147382	0.00846944948578342	0.0300361336946703
DRB1*04:04	0.0210546103957139	0.039725751159508	0.0139265281541704
DRB1*04:05	0.0105273051978569	0.0104859850776366	0.0695573622402891
DRB1*04:06	0.00122191935332268	0.00020165355918532	0.0286811201445348
DRB1*04:07	0.0050756650061096	0.0455737043758822	0.00278530563083409
DRB1*04:08	0.00347777046714917	0.00181488203266788	0.00120445648900933
DRB1*04:09	0	0.000403307118370639	0.000150557061126167
DRB1*04:10	0.00103393176050381	0.00241984271022384	0.00775368864799759
DRB1*04:11	0.00169188833536987	0.0276265376083888	0
DRB1*04:12	0	0	0
DRB1*04:13	0	0.000604960677555959	0.000150557061126167
DRB1*04:14	9.3993796409437e-05	0	7.52785305630834e-05
DRB1*04:140	0	0	0
DRB1*04:15	0.000187987592818874	0	0
DRB1*04:155	0	0	0
DRB1*04:16	0	0	0
DRB1*04:165	0	0	0
DRB1*04:17	0	0.000604960677555959	0.00022583559168925
DRB1*04:172	0	0	0
DRB1*04:18	0	0	0
DRB1*04:181	0	0	0
DRB1*04:19	0	0	7.52785305630834e-05
DRB1*04:20	0	0	0.000376392652815417
DRB1*04:21	0	0	7.52785305630834e-05
DRB1*04:22	0	0	0
DRB1*04:23	0	0	7.52785305630834e-05
DRB1*04:24	0	0	7.52785305630834e-05
DRB1*04:25	0	0	7.52785305630834e-05
DRB1*04:26	0	0	0
DRB1*04:27	0	0	0
DRB1*04:28	0	0	7.52785305630834e-05
DRB1*04:29	0	0	0
DRB1*04:30	0	0	0
DRB1*04:31	0	0	0
DRB1*04:32	0	0	0.000150557061126167
DRB1*04:33	9.3993796409437e-05	0	0
DRB1*04:34	0	0	7.52785305630834e-05
DRB1*04:35	0	0	0
DRB1*04:36	0	0	7.52785305630834e-05
DRB1*04:37	0	0	0
DRB1*04:38	0	0	7.52785305630834e-05
DRB1*04:39	0	0	0
DRB1*04:40	0	0	0
DRB1*04:41	0	0	7.52785305630834e-05
DRB1*04:42	0	0	7.52785305630834e-05
DRB1*04:43	0	0	0
DRB1*04:44	0	0	0
DRB1*04:45	0	0	0
DRB1*04:46	0	0	0
DRB1*04:47	0	0	0
DRB1*04:48	0	0	0
DRB1*04:49	0	0	0
DRB1*04:50	0	0	0
DRB1*04:51	0	0	7.52785305630834e-05
DRB1*04:52	0	0	0
DRB1*04:53	0	0	0
DRB1*04:54	0	0	0
DRB1*04:55	0	0	0
DRB1*04:56	0	0	0
DRB1*04:57	0	0	0
DRB1*04:58	0	0	0
DRB1*04:59	0	0	0
DRB1*04:60	0	0	0
DRB1*04:61	0	0	0
DRB1*04:62	0	0	0
DRB1*04:63	0	0	0
DRB1*04:64	0	0	0
DRB1*04:65	0	0	0
DRB1*04:66	0	0	0
DRB1*04:67	0	0	0
DRB1*04:68	0	0	0
DRB1*04:69	0	0	0
DRB1*04:70	0	0	0
DRB1*04:71	0	0	0
DRB1*04:72	0	0	0
DRB1*04:73	0	0	0
DRB1*04:74	0	0	0
DRB1*04:75	0	0	0
DRB1*04:76	0	0	0
DRB1*04:77	0	0	0
DRB1*04:78	0	0	0
DRB1*04:79	0	0	0
DRB1*04:83	0	0	0
DRB1*04:84	0	0	0
DRB1*04:86	0	0	0
DRB1*04:88	0	0	0
DRB1*04:89	0	0	0
DRB1*04:92	0	0	0
DRB1*04:96	0	0	0
DRB1*07:01	0.0964376351160823	0.0649324460576729	0.0632339656729901
DRB1*07:03	9.3993796409437e-05	0	0.000301114122252334
DRB1*07:04	0	0	0
DRB1*07:05	0	0	7.52785305630834e-05
DRB1*07:06	0	0	0
DRB1*07:07	0	0	7.52785305630834e-05
DRB1*07:08	0	0	7.52785305630834e-05
DRB1*07:09	0	0	0
DRB1*07:10N	0	0	0
DRB1*07:11	9.3993796409437e-05	0	0
DRB1*07:12	0	0	0
DRB1*07:13	0	0	0
DRB1*07:14	0	0	0
DRB1*07:15	0	0	0
DRB1*07:16	0	0.00020165355918532	7.52785305630834e-05
DRB1*07:17	0	0	0
DRB1*08:01	0.0227464987310837	0.00483968542044767	0.00143029208069858
DRB1*08:02	0.00733151611993608	0.0655374067352289	0.0167118337850045
DRB1*08:03	0.00272582009587367	0.000806614236741278	0.0553297199638663
DRB1*08:04	0.00357176426355861	0.0199637023593466	0.0004516711833785
DRB1*08:05	0	0	7.52785305630834e-05
DRB1*08:06	0.000375975185637748	0.00161322847348256	7.52785305630834e-05
DRB1*08:07	0.000281981389228311	0.00786448880822747	0
DRB1*08:08	0	0	0
DRB1*08:09	0	0	0.000828063836193917
DRB1*08:10	0.000187987592818874	0	7.52785305630834e-05
DRB1*08:11	9.3993796409437e-05	0.00020165355918532	0
DRB1*08:12	0	0	0.000376392652815417
DRB1*08:13	0	0	0
DRB1*08:14	0	0	7.52785305630834e-05
DRB1*08:15	0	0	7.52785305630834e-05
DRB1*08:16	0	0	0
DRB1*08:17	0	0	0
DRB1*08:18	0	0	0.000150557061126167
DRB1*08:19	0	0	0.000150557061126167
DRB1*08:20	0	0	0
DRB1*08:21	0	0	0
DRB1*08:22	0	0	0
DRB1*08:23	0	0	0
DRB1*08:24	0	0	0
DRB1*08:25	0	0	0
DRB1*08:26	0	0	0
DRB1*08:27	0	0	0
DRB1*08:28	0	0	0
DRB1*08:29	0	0	0
DRB1*08:30	0	0	0
DRB1*08:31	0	0	0
DRB1*08:32	0	0	0
DRB1*08:33	0	0	0
DRB1*08:34	0	0	0
DRB1*08:35	0	0	0
DRB1*08:36	0	0	0
DRB1*08:39	0	0	0
DRB1*08:41	0	0	0
DRB1*08:50	0	0	0
DRB1*09:01	0.00968136103017201	0.00766283524904215	0.0569105691056911
DRB1*09:02	0	0	0.00022583559168925
DRB1*09:03	0	0	7.52785305630834e-05
DRB1*09:04	0	0	0
DRB1*09:05	0	0	0
DRB1*09:06	0	0	0
DRB1*09:07	0	0	0
DRB1*09:08	0	0	0
DRB1*09:09	0	0	0
DRB1*10:01	0.0142870570542344	0.0125025206694898	0.022583559168925
DRB1*10:02	9.3993796409437e-05	0	0
DRB1*10:03	9.3993796409437e-05	0	0
DRB1*11:01	0.0841244477864461	0.044767090139141	0.0522433002107799
DRB1*11:02	0.00648557195225115	0.0219802379511998	0.000677506775067751
DRB1*11:03	0.00996334241940032	0.00282314982859447	0.00158084914182475
DRB1*11:04	0.0561142964564339	0.0131074813470458	0.00391448358928034
DRB1*11:05	0	0	0.000526949713941584
DRB1*11:06	0.00169188833536987	0	0.001806684733514
DRB1*11:07	0	0.00020165355918532	0.00112917795844625
DRB1*11:08	0	0	0.000376392652815417
DRB1*11:09	9.3993796409437e-05	0	0
DRB1*11:10	0	0.000604960677555959	7.52785305630834e-05
DRB1*11:102	0	0	0
DRB1*11:103	0	0	0
DRB1*11:104	0	0	0
DRB1*11:108	0	0	0
DRB1*11:11	0	0.00020165355918532	0.000150557061126167
DRB1*11:12	0	0	7.52785305630834e-05
DRB1*11:13	0.000469968982047185	0	0
DRB1*11:137	0	0	0
DRB1*11:14	0	0.000403307118370639	0
DRB1*11:143	0	0	0
DRB1*11:15	0	0	0
DRB1*11:16	0	0.00020165355918532	7.52785305630834e-05
DRB1*11:17	0	0	0
DRB1*11:18	0	0	0
DRB1*11:19	9.3993796409437e-05	0.000403307118370639	7.52785305630834e-05
DRB1*11:20	0	0	0
DRB1*11:21	0	0	0
DRB1*11:22	0	0	0
DRB1*11:23	0	0	0.000150557061126167
DRB1*11:24	0	0	0
DRB1*11:25	0	0	0
DRB1*11:26	0	0	7.52785305630834e-05
DRB1*11:27	9.3993796409437e-05	0	7.52785305630834e-05
DRB1*11:28	0	0	0
DRB1*11:29	0	0	7.52785305630834e-05
DRB1*11:30	9.3993796409437e-05	0	7.52785305630834e-05
DRB1*11:31	0	0	0
DRB1*11:32	0	0	7.52785305630834e-05
DRB1*11:33	0	0	0
DRB1*11:34	0	0	0
DRB1*11:35	0	0	0
DRB1*11:36	0	0	0
DRB1*11:37	0	0	7.52785305630834e-05
DRB1*11:38	0	0	0
DRB1*11:39	9.3993796409437e-05	0	7.52785305630834e-05
DRB1*11:40	0	0	7.52785305630834e-05
DRB1*11:41	0	0	0
DRB1*11:42	0	0	0
DRB1*11:43	0	0	0
DRB1*11:44	0	0	0
DRB1*11:45	0	0	0
DRB1*11:46	0	0	0
DRB1*11:47	0	0	0
DRB1*11:48	0	0	0
DRB1*11:49	0	0	0
DRB1*11:50	0	0	0
DRB1*11:51	0	0	0
DRB1*11:52	0	0	0
DRB1*11:53	0	0	0
DRB1*11:54	0	0	0
DRB1*11:55	0	0	0
DRB1*11:56	0	0	0
DRB1*11:57	0	0	0
DRB1*11:58	0	0	0
DRB1*11:59	0	0	0
DRB1*11:60	0	0	0
DRB1*11:61	0	0	0
DRB1*11:62	0	0	0
DRB1*11:63	0	0	0
DRB1*11:64	0	0	0
DRB1*11:65	0	0	0
DRB1*11:66	0	0	7.52785305630834e-05
DRB1*11:67	0	0	0
DRB1*11:68	0	0	0
DRB1*11:69	0	0	0
DRB1*11:70	0	0	0
DRB1*11:72	0	0	0
DRB1*11:73	0	0	0
DRB1*11:75	0	0	0
DRB1*11:76	0	0	0
DRB1*11:78	0	0	0
DRB1*11:81	0	0	0
DRB1*11:83	0	0	0
DRB1*11:84	0	0	0
DRB1*11:85	0	0	0
DRB1*11:87	0	0	0
DRB1*11:89	0	0	0
DRB1*11:92	0	0	0
DRB1*11:93	0	0	0
DRB1*11:95	0	0	0
DRB1*12:01	0.0239684180844064	0.0173422060899375	0.0386931647094249
DRB1*12:02	0.00244383870664536	0.00161322847348256	0.0657181571815718
DRB1*12:03	0	0	0.000301114122252334
DRB1*12:04	0	0	0
DRB1*12:05	0	0	7.52785305630834e-05
DRB1*12:06	0	0	7.52785305630834e-05
DRB1*12:07	0	0	0
DRB1*12:08	0	0	7.52785305630834e-05
DRB1*12:09	0	0	7.52785305630834e-05
DRB1*12:10	0	0	0
DRB1*12:11	0	0	0
DRB1*12:12	0	0	0
DRB1*12:13	0	0	0
DRB1*12:14	0	0	0
DRB1*12:15	0	0	0
DRB1*12:16	0	0	0
DRB1*12:17	0	0	0
DRB1*12:18	0	0	0
DRB1*12:19	0	0	0
DRB1*12:20	0	0	0
DRB1*12:21	0	0	0
DRB1*12:24N	0	0	0
DRB1*13:01	0.0646677319296926	0.0429522081064731	0.0192713038241494
DRB1*13:02	0.0452110160729392	0.0356926799758016	0.0436615477265884
DRB1*13:03	0.0136291004793684	0.0118975599919339	0.0049683830171635
DRB1*13:04	0.000563962778456622	0.00584795321637427	0
DRB1*13:05	0.00206786352100761	0.00120992135511192	7.52785305630834e-05
DRB1*13:06	9.3993796409437e-05	0.00020165355918532	7.52785305630834e-05
DRB1*13:07	0	0.00020165355918532	0.000376392652815417
DRB1*13:08	9.3993796409437e-05	0	0.000301114122252334
DRB1*13:09	0	0	0
DRB1*13:10	9.3993796409437e-05	0	0.000150557061126167
DRB1*13:102	0	0	0
DRB1*13:104	0	0	0
DRB1*13:11	0	0.000403307118370639	7.52785305630834e-05
DRB1*13:111	0	0	0
DRB1*13:12	9.3993796409437e-05	0	0.00301114122252334
DRB1*13:13	0	0	0.00022583559168925
DRB1*13:14	0.000187987592818874	0	7.52785305630834e-05
DRB1*13:15	0	0	7.52785305630834e-05
DRB1*13:16	0.000187987592818874	0.00020165355918532	0
DRB1*13:17	0	0	0
DRB1*13:18	0	0	0
DRB1*13:19	0	0	0
DRB1*13:20	9.3993796409437e-05	0	0
DRB1*13:21	0	0	0
DRB1*13:22	0	0	0
DRB1*13:23	0	0	0
DRB1*13:24	0	0.00020165355918532	0
DRB1*13:25	0	0	0
DRB1*13:26	0	0	0
DRB1*13:27	9.3993796409437e-05	0.00020165355918532	7.52785305630834e-05
DRB1*13:28	0	0	7.52785305630834e-05
DRB1*13:29	0	0	0
DRB1*13:30	0	0	0
DRB1*13:31	0	0.00020165355918532	0
DRB1*13:32	0	0	0
DRB1*13:33	0	0	0
DRB1*13:34	0	0	0
DRB1*13:35	0	0	0
DRB1*13:36	0	0	7.52785305630834e-05
DRB1*13:37	0	0	0
DRB1*13:38	0	0	0
DRB1*13:39	0	0	7.52785305630834e-05
DRB1*13:40	0	0	0
DRB1*13:41	0	0	0
DRB1*13:42	0	0	0
DRB1*13:43	0	0	0
DRB1*13:44	0	0	0
DRB1*13:45	0	0	0
DRB1*13:46	0	0	0
DRB1*13:47	0	0	0
DRB1*13:48	0	0	0
DRB1*13:49	0	0	0
DRB1*13:50	0	0	0
DRB1*13:51	0	0	0
DRB1*13:52	0	0	0
DRB1*13:53	0	0	0
DRB1*13:54	0	0	0
DRB1*13:55	0	0	0
DRB1*13:56	0	0	0
DRB1*13:57	0	0	0
DRB1*13:58	0	0	0
DRB1*13:59	0	0	0
DRB1*13:60	0	0	0
DRB1*13:61	0	0	0
DRB1*13:62	0	0	0
DRB1*13:63	0	0	7.52785305630834e-05
DRB1*13:64	0	0	0
DRB1*13:65	0	0	0
DRB1*13:66	0	0	0
DRB1*13:67	0	0	0
DRB1*13:68	0	0	0
DRB1*13:69	0	0	0
DRB1*13:70	0	0	0
DRB1*13:71	0	0	0
DRB1*13:72	0	0	0
DRB1*13:73	0	0	0
DRB1*13:74	0	0	0
DRB1*13:75	0	0	0
DRB1*13:76	0	0	0
DRB1*13:77	0	0	0
DRB1*13:78	0	0	0
DRB1*13:79	0	0	0
DRB1*13:80	0	0	0
DRB1*13:81	0	0	0
DRB1*13:82	0	0	0
DRB1*13:83	0	0	0
DRB1*13:84	0	0	0
DRB1*13:85	0	0	0
DRB1*13:86	0	0	0
DRB1*13:87	0	0	0
DRB1*13:88	0	0	0
DRB1*13:89	0	0	0
DRB1*13:90	0	0	0
DRB1*13:93	0	0	0
DRB1*13:94	0	0	0
DRB1*13:95	0	0	0
DRB1*13:97	0	0	0
DRB1*13:98	0	0	0
DRB1*14:01	0.0394773944919635	0.0137124420246017	0.0487804878048781
DRB1*14:02	0.0114672431619513	0.112925993143779	0.00263474856970792
DRB1*14:03	0.00469968982047185	0	0.00797952423968684
DRB1*14:04	0.00225585111382649	0.0010082677959266	0.0133995784402288
DRB1*14:05	0.00093993796409437	0	0.0226588376994881
DRB1*14:06	0.000751950371275496	0.0153256704980843	0.00511894007828967
DRB1*14:07	0.000657956574866059	0.000604960677555959	0.00165612767238783
DRB1*14:08	0.000281981389228311	0	0.000828063836193917
DRB1*14:09	0	0	7.52785305630834e-05
DRB1*14:10	0	0	0.000602228244504667
DRB1*14:100	0	0	0
DRB1*14:101	0	0	0
DRB1*14:102	0	0	0
DRB1*14:104	0	0	0
DRB1*14:105	0	0	0
DRB1*14:106	0	0	0
DRB1*14:107	0	0	0
DRB1*14:108	0	0	0
DRB1*14:109	0	0	0
DRB1*14:11	0	0	0
DRB1*14:110	0	0	0
DRB1*14:111	0	0	0
DRB1*14:112	0	0	0
DRB1*14:113	0	0	0
DRB1*14:117	0	0	0
DRB1*14:12	0.000469968982047185	0	0.000301114122252334
DRB1*14:126	0	0	0
DRB1*14:13	9.3993796409437e-05	0.00302480338777979	7.52785305630834e-05
DRB1*14:14	9.3993796409437e-05	0	0.000150557061126167
DRB1*14:15	9.3993796409437e-05	0	0.000150557061126167
DRB1*14:16	0	0	0
DRB1*14:17	0.000281981389228311	0	7.52785305630834e-05
DRB1*14:18	0	0	0.000677506775067751
DRB1*14:19	0	0	0
DRB1*14:20	0	0	0
DRB1*14:21	0	0	7.52785305630834e-05
DRB1*14:22	0	0	0.00022583559168925
DRB1*14:23	0	0	0
DRB1*14:24	0	0	0
DRB1*14:25	0	0	0.00022583559168925
DRB1*14:26	9.3993796409437e-05	0	0
DRB1*14:27	0.000187987592818874	0	0
DRB1*14:28	0	0	0
DRB1*14:29	0	0	0
DRB1*14:30	0	0	7.52785305630834e-05
DRB1*14:31	0	0	7.52785305630834e-05
DRB1*14:32	0	0	0
DRB1*14:33	0	0	0
DRB1*14:34	0	0	7.52785305630834e-05
DRB1*14:35	0	0	7.52785305630834e-05
DRB1*14:36	0	0	0
DRB1*14:37	0	0	7.52785305630834e-05
DRB1*14:38	0	0	0
DRB1*14:39	0	0	0
DRB1*14:40	0	0	0
DRB1*14:41	0	0	0
DRB1*14:42	0	0	0
DRB1*14:43	0	0	0.000150557061126167
DRB1*14:44	0	0	7.52785305630834e-05
DRB1*14:45	0	0	0
DRB1*14:46	0	0	0
DRB1*14:47	0	0	0
DRB1*14:48	0	0	7.52785305630834e-05
DRB1*14:49	0	0	0
DRB1*14:50	0	0	0
DRB1*14:51	0	0	0
DRB1*14:52	0	0	0
DRB1*14:53	0	0	0
DRB1*14:54	0.00300780148510198	0	0.00150557061126167
DRB1*14:55	0	0	0
DRB1*14:56	0	0	0
DRB1*14:57	0	0	0
DRB1*14:58	0	0	0
DRB1*14:59	0	0	0
DRB1*14:60	0	0	0
DRB1*14:61	0	0	0
DRB1*14:62	0	0	0
DRB1*14:63	0	0	0
DRB1*14:64	0	0	0
DRB1*14:65	0	0	0
DRB1*14:67	0	0	0
DRB1*14:68	0	0	0
DRB1*14:69	0	0	0
DRB1*14:70	0	0	0
DRB1*14:71	0	0	0
DRB1*14:72	0	0	0
DRB1*14:73	0	0	0
DRB1*14:74	0	0	0
DRB1*14:75	0	0	0
DRB1*14:76	0	0	0
DRB1*14:77	0	0	0
DRB1*14:78	0	0	0
DRB1*14:79	0	0	0
DRB1*14:80	0	0	0
DRB1*14:81	0	0	0
DRB1*14:82	0	0	7.52785305630834e-05
DRB1*14:83	0	0	0
DRB1*14:93	0	0	0
DRB1*14:94	0	0	0
DRB1*14:96	0	0	0
DRB1*14:99	0	0	0
DRB1*15:01	0.112698561894915	0.0278281911675741	0.0852905751279735
DRB1*15:02	0.0118432183475891	0.00463803186126235	0.0608250526949714
DRB1*15:03	0.00159789453896043	0.0600927606372252	0.00188196326407709
DRB1*15:04	0	0.000403307118370639	0.00542005420054201
DRB1*15:05	0	0	0.00022583559168925
DRB1*15:06	0	0	0.000752785305630834
DRB1*15:07	9.3993796409437e-05	0	0.00022583559168925
DRB1*15:08	0	0	0
DRB1*15:09	0	0	0
DRB1*15:10	0	0	0
DRB1*15:11	9.3993796409437e-05	0	7.52785305630834e-05
DRB1*15:115N	0	0	0
DRB1*15:12	0	0	7.52785305630834e-05
DRB1*15:13	0	0	0
DRB1*15:14	0	0	0
DRB1*15:15	0	0	0
DRB1*15:16	0	0	0
DRB1*15:17N	0	0	0
DRB1*15:18	0	0	0
DRB1*15:19	0	0	0
DRB1*15:20	0	0	0
DRB1*15:21	0	0	0
DRB1*15:22	0	0	0
DRB1*15:23	0	0	0
DRB1*15:24	0	0	0
DRB1*15:25	0	0	0
DRB1*15:26	0	0	0
DRB1*15:27	0	0	0
DRB1*15:28	0	0	0
DRB1*15:29	0	0	0
DRB1*15:30	0	0	0
DRB1*15:31	0	0	0
DRB1*15:32	0	0	0
DRB1*15:38	0	0	7.52785305630834e-05
DRB1*15:41	0	0	0
DRB1*15:44	0	0	0
DRB1*15:48	0	0	0
DRB1*15:52	0	0	0
DRB1*15:69	0	0	0
DRB1*15:91	0	0	7.52785305630834e-05
DRB1*16:01	0.0261302754018235	0.00524299253881831	0.0004516711833785
DRB1*16:02	0.00516965880251903	0.0625126033474491	0.0216049382716049
DRB1*16:03	0.000187987592818874	0	7.52785305630834e-05
DRB1*16:04	0	0	0.000150557061126167
DRB1*16:05	0	0	0.000301114122252334
DRB1*16:07	9.3993796409437e-05	0	0
DRB1*16:08	0	0	0
DRB1*16:09	0	0	0
DRB1*16:10	0	0	0
DRB1*16:11	0	0	0
DRB1*16:12	0	0	0
DRB1*16:13N	0	0	0
DRB1*16:14	0	0	0
DRB1*16:15	0	0	0
DRB1*16:18	0	0	0
DRB1*16:41N	0	0	0
